data/area_mag.asc
ncols 259
nrows 304
xllcenter -54500
yllcenter 6099500
cellsize 1000.00
nodata_value  1142.4056
[rows 26 to 51 of 304, columns 58 to 115 of 259]
19.623900 -212.97020 -279.11540 -242.92940 -187.63790 -155.97050 -92.985600 122.90090 465.14340 779.75230 813.07050 653.66510 361.07540 164.41650 77.675200 68.102300 66.396000 17.789800 -83.583400 -154.12360 -175.69270 -179.44900 -183.68780 -199.43440 -206.66210 -185.57400 -143.31490 -64.868400 69.744900 229.01320 360.60820 373.07980 234.99010 111.62210 162.41700 335.69790 511.55950 606.44310 465.92150 187.98800 -18.219000 -103.91140 -128.16210 -147.80130 -174.13170 -171.00350 -142.68270 -111.06770 -86.480900 -40.634100 12.971500 75.159300 163.29340 250.93560 264.87670 153.25600 -59.794400 -249.55930
17.949000 -203.41870 -236.70250 -220.27820 -184.23660 -151.38750 -24.667900 308.11510 809.68560 1142.4046 967.21170 577.01730 222.62590 60.603100 36.116400 49.754900 24.495700 -36.523900 -119.11390 -168.56890 -181.74950 -186.91390 -200.32530 -211.20540 -187.48820 -144.70270 -97.787600 -34.939600 71.139000 230.53940 373.58100 374.98510 269.53400 185.18430 219.28970 346.57010 472.33380 506.39690 302.29530 64.183400 -78.936700 -123.01220 -123.43500 -131.20920 -163.45090 -159.49610 -130.90270 -113.69240 -101.91410 -70.357200 -18.966900 37.875100 129.46020 218.37150 243.73190 166.47030 -25.390200 -247.11670
-9.0912000 -137.87530 -117.67860 -99.097200 -97.104900 -57.281300 39.102000 420.96520 897.14580 1025.8354 863.51490 417.47170 86.832900 -9.7760000 30.883100 46.893600 11.884800 -71.027300 -160.84630 -207.26120 -218.35220 -219.11520 -226.91350 -221.35650 -177.67080 -115.95190 -73.901400 -16.132000 81.127300 225.05220 343.06560 384.74770 360.04210 321.32780 318.88830 373.84850 404.49280 294.99940 65.409600 -82.927600 -146.57080 -146.71730 -123.51010 -129.75840 -150.60340 -150.08500 -129.11120 -109.59630 -106.61150 -84.245100 -44.495000 8.0044000 99.008300 191.96690 271.66550 222.45620 9.1142000 -201.01500
8.2538000 -72.226800 34.555600 50.881500 55.870900 96.610400 220.28880 422.31410 647.47090 639.57550 449.16330 186.25260 -5.9527000 -31.322500 33.681900 53.499500 -22.494400 -122.33070 -219.44180 -265.82550 -273.65850 -267.83680 -255.41260 -243.38390 -194.08000 -145.15490 -97.674500 -27.668600 73.676800 189.55030 318.34270 420.99050 455.36670 466.13980 469.53680 399.84820 299.61230 127.12970 -76.084900 -160.76950 -179.89820 -162.36550 -143.67560 -142.75410 -156.51620 -151.60050 -122.81480 -101.04630 -81.433500 -70.976600 -52.149800 -5.9227000 88.848600 206.60600 314.21710 295.28510 95.322400 -154.61260
46.539900 0.7521000 71.307500 114.43400 145.26280 219.58600 315.72580 379.19880 400.98630 276.34970 119.53630 9.5651000 -43.610900 -33.977400 39.575700 36.203600 -61.549300 -184.62090 -284.62910 -332.60240 -328.14520 -307.15500 -280.47650 -256.50840 -227.29020 -195.41160 -150.63350 -79.580000 23.350700 157.00980 303.87460 428.49440 518.50990 548.60340 519.08680 374.91380 192.13690 13.631900 -121.75700 -188.02600 -184.15780 -159.38770 -151.79040 -158.20390 -161.21280 -148.20580 -101.57910 -54.108300 -34.060700 -40.893700 -41.904200 -5.1910000 86.833900 228.05940 361.18740 362.38060 137.22040 -110.22760
115.64340 68.856500 76.017100 131.63790 186.45370 275.81010 338.36330 327.52210 223.79690 77.286400 -17.356600 -40.926100 -15.842700 13.228300 28.316600 7.4412000 -94.021900 -240.82480 -340.60610 -370.82920 -358.83200 -325.46740 -291.23370 -265.52890 -253.71080 -227.27180 -187.42420 -118.05000 -18.644400 123.52630 286.27610 421.28130 493.45060 507.91150 415.19730 268.39630 95.325800 -55.913800 -124.51390 -163.11170 -159.53640 -144.52410 -143.91490 -156.47420 -154.90660 -126.23020 -72.225300 -17.709900 2.5840000 -19.807100 -38.113800 -15.665100 77.676000 218.78360 336.94440 307.15190 126.74550 -81.519100
188.27790 114.45140 91.081600 138.73350 213.90490 284.06680 291.94120 226.06070 108.64830 -14.769100 -37.749800 -4.9400000 29.297900 28.871200 12.287100 -28.098500 -134.23110 -265.07270 -358.34500 -382.77570 -368.34050 -334.47710 -299.32340 -273.61620 -257.62230 -234.56770 -200.28120 -143.53860 -51.223200 96.363900 270.75110 399.14080 434.54300 387.62540 262.11400 127.55840 14.538700 -86.026700 -116.22650 -122.99330 -119.90520 -118.16430 -123.69940 -144.92680 -145.95180 -117.83380 -66.308400 -23.334100 -0.6111000 -29.584000 -55.548400 -32.126900 54.334400 170.38770 261.02780 250.27210 91.442500 -77.776600
271.54730 153.05110 139.92490 205.56260 255.86870 275.55560 211.59240 121.16170 43.349000 -6.9099000 -39.308000 -25.409600 -0.5793000 -17.603600 -40.523700 -94.228100 -179.85300 -282.49830 -356.27070 -363.06710 -352.86970 -333.28810 -306.54770 -280.97260 -259.48480 -230.92300 -197.57650 -147.91720 -65.039600 68.027900 240.45510 398.51400 368.57300 270.95390 144.83300 35.490200 -32.614800 -84.710700 -101.92740 -86.090700 -64.692500 -48.626300 -69.393000 -124.69970 -151.98840 -131.99030 -86.228100 -47.034400 -36.435300 -54.069300 -74.373600 -58.776100 8.5400000 107.62290 171.74280 147.98130 41.952100 -84.144700
270.61850 166.63510 195.26830 287.91840 287.70160 223.29960 113.80660 36.342400 -1.3118000 -8.8955000 -37.291600 -76.324200 -93.162200 -91.104800 -117.98960 -161.45150 -231.08130 -276.86610 -306.50970 -321.29170 -326.73770 -326.37540 -309.62450 -287.72330 -260.64370 -223.03260 -181.11040 -145.26790 -89.269600 27.477700 185.67850 304.76180 285.44440 180.36590 76.799600 -7.7131000 -47.100900 -66.349400 -69.609100 -43.632300 4.0030000 49.043500 20.658000 -100.90840 -153.89350 -135.68600 -91.868100 -56.010200 -53.635800 -74.462900 -92.844700 -78.928900 -23.596400 48.966700 96.631100 83.872500 12.293200 -99.198800
175.41650 135.23630 181.58690 258.84670 233.09500 113.54850 3.4094000 -59.240000 -75.139100 -75.165400 -89.695900 -128.80550 -151.00820 -143.28490 -166.53530 -198.08440 -230.74850 -242.41080 -240.02980 -271.55800 -295.06340 -303.79130 -299.31250 -287.44660 -260.98300 -212.01860 -167.10930 -138.28560 -88.152300 2.1850000 125.76490 221.35390 201.57220 105.60700 24.133300 -24.498900 -44.549100 -46.430500 -41.745900 -14.533500 70.934500 106.04240 48.000900 -61.345100 -124.08760 -112.97770 -62.555900 -38.458500 -55.833300 -86.903900 -109.60330 -99.351800 -52.608700 0.5241000 45.263800 40.125000 -14.108100 -93.426900
24.143600 29.522100 85.882700 112.13580 70.215800 -11.148000 -98.857500 -147.53850 -174.18810 -171.35780 -178.10600 -164.53180 -152.80840 -148.53150 -158.54500 -187.82640 -205.75190 -202.90260 -212.19040 -239.82420 -268.20230 -277.62100 -277.15870 -273.67480 -250.55850 -202.43130 -157.67810 -127.18210 -87.187100 -20.051000 85.214000 135.98230 112.71190 45.348400 -24.114600 -40.105200 -39.786600 -35.341300 -32.476100 -13.851500 37.750600 82.156000 43.164000 -42.760600 -71.606300 -47.364700 -12.774100 -8.7948000 -58.253700 -115.35180 -142.37530 -127.74780 -83.563300 -37.536700 -3.5693000 -2.3451000 -35.818500 -95.592400
-113.96330 -91.808200 -54.829800 -61.087900 -91.109800 -121.21030 -166.30040 -198.28600 -224.61310 -235.67590 -215.79910 -163.65610 -127.86690 -117.59160 -126.80900 -152.70780 -182.29030 -195.30980 -201.87100 -232.07790 -251.28050 -250.81690 -246.74870 -244.25110 -228.71000 -188.15830 -146.78820 -121.64100 -93.297600 -49.584400 12.857100 61.080700 48.555800 1.8992000 -40.494600 -42.257500 -30.313100 -26.330200 -40.189500 -52.360200 -24.140500 12.333700 -6.7263000 -41.499000 -32.568000 3.8509000 30.705200 -1.7192000 -69.390000 -137.79780 -169.05750 -162.39970 -129.36870 -86.580500 -51.079300 -44.762100 -70.472400 -112.59390
-222.33330 -193.12120 -181.82170 -191.74940 -209.47760 -215.83230 -221.92190 -231.30490 -239.42420 -247.23810 -205.16130 -136.30370 -91.237100 -76.267100 -97.936100 -130.04640 -168.47780 -188.75790 -203.50390 -228.09070 -242.60170 -234.44210 -221.48510 -211.63540 -188.65350 -149.12280 -117.12550 -101.63280 -100.54850 -85.783800 -39.501900 7.3026000 5.5521000 -16.331200 -27.609300 -19.474700 1.3869000 -8.6499000 -44.997500 -78.682300 -76.512000 -55.664600 -37.094200 -43.334800 -14.031800 21.774700 36.746200 -4.6554000 -72.480800 -127.76200 -178.75510 -179.05760 -158.18300 -124.62970 -95.478600 -83.176400 -97.528400 -127.45880
-248.13440 -239.99680 -227.63730 -234.91690 -245.57120 -271.56580 -270.90880 -263.28740 -252.72840 -238.74110 -199.36610 -120.22510 -72.897700 -74.158800 -97.574600 -130.39080 -162.42140 -186.13780 -199.84280 -218.15820 -230.31370 -222.05570 -208.74040 -186.76300 -146.83800 -94.480000 -56.839700 -66.027300 -88.697400 -87.169800 -53.101700 -16.356500 0.4232000 -3.1349000 15.772600 44.498600 47.344100 19.882400 -34.062000 -86.252300 -105.85100 -74.171900 -42.848400 -17.872000 5.7046000 29.541100 48.377000 43.650000 -20.355400 -72.786600 -129.87830 -159.16160 -159.38700 -144.79010 -121.61260 -110.82990 -125.41350 -153.23690
-238.79970 -239.84760 -218.05400 -216.29420 -248.66660 -294.61400 -303.98690 -287.48960 -269.46990 -259.82800 -225.53320 -160.38110 -118.47040 -113.24280 -125.34990 -146.12720 -169.50190 -182.21420 -193.23570 -203.70890 -211.11920 -211.26280 -202.75390 -175.87450 -117.09660 -52.093000 -12.859700 -25.682700 -63.403900 -71.518500 -45.629000 -9.9103000 10.430100 24.293700 50.977000 86.024800 99.698800 55.757300 -16.586200 -76.731400 -89.353000 -62.000000 -25.254400 2.3139000 19.188800 41.156500 75.367900 88.772200 68.988700 4.2264000 -61.188500 -123.61960 -143.01860 -143.26950 -134.53060 -131.62650 -145.28030 -173.82570
-200.41350 -202.94190 -197.39580 -201.96670 -244.93220 -303.82110 -299.27490 -272.80390 -271.64880 -280.77500 -266.90780 -230.05160 -193.09070 -163.12660 -162.23910 -167.26700 -176.39200 -177.05790 -179.19550 -185.75310 -193.48820 -199.82630 -196.14360 -172.26210 -120.45350 -48.564700 -0.4576000 -14.002500 -46.671100 -49.612000 -30.168400 -0.9687000 26.797100 50.703700 83.976800 142.35160 158.95520 104.26900 11.692500 -57.395900 -71.486200 -38.415700 -0.04330000 26.226300 37.548900 46.328900 72.409100 105.08170 97.740100 44.610100 -26.884100 -86.752700 -123.50560 -136.81310 -141.37790 -144.06810 -159.77300 -184.68200
-159.83090 -175.16710 -190.13740 -207.36900 -246.02320 -276.29560 -252.66090 -207.31580 -234.46280 -286.05710 -294.32410 -274.28630 -246.94100 -210.50890 -188.38260 -183.53220 -179.18580 -169.57520 -164.99960 -170.12080 -180.00410 -188.55690 -193.01260 -184.95460 -152.09780 -92.586700 -48.045300 -36.380000 -45.172700 -46.973000 -22.650400 7.8359000 43.503500 87.704300 140.73410 217.89020 266.77740 186.78060 66.953900 -23.199600 -43.455200 -10.744100 36.994600 66.157300 57.981300 44.363000 44.768000 57.497300 52.781800 27.238500 -26.403100 -80.678700 -119.22940 -135.42100 -147.40890 -156.52160 -171.20830 -192.20620
-173.76390 -211.51890 -223.22320 -241.45730 -257.90100 -243.00870 -190.69840 -141.18720 -185.73220 -249.85420 -282.99900 -286.11440 -266.41730 -237.79440 -211.88530 -199.44270 -182.69470 -164.05500 -156.35320 -161.32410 -174.16450 -182.14060 -185.42950 -187.09050 -178.39710 -154.54640 -114.32630 -73.207700 -67.573600 -64.688500 -33.597800 9.0706000 59.263100 123.72840 208.85570 300.87600 342.51800 271.84380 140.52390 16.865700 -23.218200 15.484400 75.515700 103.07850 87.646300 57.589000 24.234900 -2.3019000 -9.3770000 -24.150400 -55.127200 -94.993900 -126.83620 -148.80600 -161.24910 -171.97960 -184.30020 -200.06270
-268.48790 -280.78150 -273.29270 -270.57410 -265.22780 -223.09420 -162.08980 -132.07540 -160.22760 -223.07890 -268.41080 -277.86580 -267.99230 -251.62720 -235.09920 -216.24570 -195.22050 -166.89470 -161.03390 -166.91320 -173.72760 -173.62880 -167.46410 -173.95110 -192.73040 -189.08300 -165.16740 -128.31060 -106.19910 -86.182700 -56.521600 -7.9212000 53.830900 140.64440 250.15090 352.83620 408.64790 359.18380 199.09850 51.970700 7.0327000 40.339500 97.949000 131.43710 119.68330 79.524900 29.994400 -17.702100 -49.602300 -70.376300 -87.341900 -110.77570 -140.08480 -163.03970 -177.66970 -188.86140 -199.79580 -208.30880
-344.76690 -326.83930 -305.03090 -285.60430 -256.55170 -210.70930 -159.02150 -146.48060 -183.42730 -230.67150 -261.05460 -271.15000 -270.18850 -264.20090 -255.31670 -238.04210 -217.47010 -194.22970 -178.02510 -175.94770 -173.29810 -155.84910 -141.00500 -153.34040 -184.21110 -203.03450 -193.11030 -159.14450 -130.40800 -101.54680 -71.279200 -28.746600 37.801500 136.05130 256.49390 365.82130 441.53780 405.88380 236.14140 75.397900 23.778900 53.436300 120.00100 156.25720 144.01240 110.51790 69.204000 6.0580000 -58.123800 -90.204700 -108.51660 -128.89550 -151.92610 -172.52700 -191.21000 -202.55520 -210.92320 -214.92900
-361.16650 -337.60750 -313.90000 -292.38470 -258.28940 -212.15080 -182.97380 -188.86450 -217.13780 -250.29400 -266.56360 -273.77060 -273.51470 -271.82650 -268.03980 -260.90690 -243.61830 -217.44520 -187.03950 -168.55370 -156.27350 -128.78570 -109.62920 -133.67210 -179.99520 -206.28910 -197.62920 -166.92240 -132.18520 -103.48740 -81.290000 -49.873300 16.698200 117.94950 229.14100 328.39790 391.60250 402.01550 227.43540 72.052500 33.807400 63.505000 123.42400 162.86210 165.25610 146.55220 132.58570 68.413700 -13.522500 -80.871400 -119.85110 -143.92050 -162.87470 -179.35280 -196.90020 -208.71130 -215.30050 -217.58480
-357.06180 -332.82040 -313.55340 -294.61410 -268.72290 -234.77780 -215.66110 -223.40270 -241.87120 -262.51820 -271.02920 -274.11760 -274.29300 -273.19980 -273.64130 -270.68610 -253.76590 -211.70210 -169.08960 -134.03930 -118.37240 -99.940300 -90.006400 -125.62570 -173.03080 -194.28010 -184.59950 -158.92140 -125.07800 -100.21540 -88.023700 -60.066300 3.5716000 92.919200 185.52060 262.26720 305.91740 291.57450 160.58320 44.716100 33.269800 74.943500 129.05190 168.40130 184.46240 197.33230 203.00080 147.09320 31.507700 -72.503000 -126.91120 -153.46410 -168.01550 -182.14210 -197.89090 -210.08380 -216.00130 -217.37700
-346.47740 -326.71270 -313.64010 -301.37310 -284.40920 -261.81000 -247.29460 -250.79540 -260.92800 -267.64060 -270.33760 -270.84540 -270.31780 -266.82410 -264.63270 -251.66070 -231.35410 -174.82390 -120.82320 -91.887500 -80.770400 -78.744000 -91.362200 -122.64630 -159.14790 -174.64170 -164.18040 -144.37570 -122.78730 -102.17850 -90.842300 -70.017400 -9.2206000 71.167700 146.11200 193.44240 210.76710 175.21370 84.973500 18.394000 41.825800 90.516900 135.01920 172.90810 207.49620 238.35110 262.65300 194.10830 59.541700 -53.968200 -126.82340 -160.37910 -170.84660 -183.01460 -197.37600 -208.14230 -213.52560 -215.29350
-347.29400 -330.71640 -318.23160 -308.12640 -293.52210 -278.62460 -267.96760 -263.20170 -267.49090 -267.05610 -265.22080 -264.55750 -263.61410 -254.62760 -238.14030 -211.02250 -177.47040 -127.57770 -89.195900 -68.551300 -66.612500 -72.803500 -89.945800 -115.12120 -132.89170 -138.64010 -141.83500 -140.23430 -130.43370 -112.75870 -101.62250 -77.101000 -17.928200 61.703700 126.40010 145.00470 138.35020 97.296000 33.502000 20.989100 56.334200 109.33350 150.23100 178.96040 204.88660 236.82520 251.03100 195.43200 74.719000 -45.142600 -122.33650 -158.25080 -171.94420 -184.09070 -196.48740 -205.71270 -211.11430 -212.81530
-352.16440 -335.45940 -321.75620 -309.10960 -294.57390 -280.25110 -272.07840 -266.89780 -266.55510 -265.02940 -260.66690 -257.92730 -257.15230 -241.47880 -210.77290 -170.92150 -133.41690 -101.48350 -78.817500 -69.466000 -74.031900 -82.742700 -92.354600 -101.00290 -103.40960 -108.28920 -127.59150 -144.96910 -142.48140 -128.66370 -116.11450 -95.975200 -37.433700 43.378000 98.188500 110.37980 91.661900 54.647600 14.748500 16.633000 70.797100 121.29070 155.58720 177.57350 189.01260 205.96680 219.85110 171.91210 82.472800 -17.616800 -93.134300 -143.63620 -171.65610 -185.34050 -196.03260 -203.57080 -208.03720 -208.94490
-354.18690 -334.95260 -318.76830 -302.99210 -284.76500 -268.18630 -260.73810 -261.72400 -265.13910 -264.72030 -260.17670 -255.13580 -249.15180 -231.17630 -192.47510 -145.15010 -113.31550 -90.934400 -84.363800 -84.403100 -89.173900 -93.695600 -95.866800 -93.874600 -88.896600 -100.29160 -122.05580 -143.66340 -150.35080 -131.13600 -121.40250 -105.78850 -55.191200 12.750700 67.628800 84.353300 70.421500 37.113300 14.973200 29.987500 75.647400 121.44600 149.32580 164.97900 168.46960 173.86720 180.54450 151.30300 92.730100 22.940600 -63.042800 -128.73070 -164.41610 -183.67230 -194.14030 -199.40470 -203.48520 -204.58600
