data/area_fd.asc
ncols 259
nrows 304
xllcenter -54500
yllcenter 6099500
cellsize 1000.00
nodata_value  2145.10
[rows 87 to 115 of 304, columns 67 to 133 of 259]
832.800 816.450 794.700 768.970 765.920 772.730 773.270 767.950 759.950 750.430 744.700 751.290 774.190 817.070 815.680 761.610 715.240 674.480 635.880 591.900 539.150 478.480 409.810 335.730 331.840 376.750 391.200 376.440 335.830 276.920 208.920 138.900 74.1600 20.8000 15.0500 29.9300 39.4000 41.6300 37.9700 31.5600 24.1000 15.7800 8.04000 2.04000 1.19000 1.72000 2.44000 2.76000 2.71000 2.31000 1.71000 1.07000 0.51000 0.11000 0.040000 0.00000 0.00000 0.00000 0.00000 0.00000 0.00000 0.00000 0.00000 0.00000 0.00000 0.00000 0.00000
845.860 824.220 799.850 780.130 772.840 767.280 758.510 750.940 742.840 734.930 731.020 738.110 759.240 784.830 782.940 750.820 713.980 679.040 644.990 605.080 555.570 498.560 436.600 383.680 375.660 399.380 409.680 394.410 354.350 296.290 228.440 158.680 95.3000 49.8600 38.5400 45.5600 50.2800 52.3400 48.1800 40.8000 31.8200 21.9200 12.7900 6.33000 4.35000 3.91000 3.43000 3.78000 3.68000 3.16000 2.40000 1.59000 0.88000 0.40000 0.23000 0.11000 0.00000 0.00000 0.00000 0.00000 0.00000 0.00000 0.00000 0.00000 0.00000 0.00000 0.00000
868.110 840.210 812.020 791.010 777.280 763.490 743.280 730.770 721.500 713.490 708.260 712.450 727.410 740.870 740.260 723.890 702.010 678.820 655.290 626.640 587.540 542.250 495.220 458.570 445.910 450.060 448.740 428.190 386.430 329.790 263.640 196.970 138.120 99.1800 82.9700 78.0700 71.3600 68.3700 62.2500 53.4400 42.7700 31.5400 21.5100 14.5500 10.9300 8.71000 5.83000 5.25000 4.98000 4.28000 3.33000 2.36000 1.54000 0.96000 0.63000 0.38000 0.070000 0.00000 0.00000 0.00000 0.00000 0.00000 0.00000 0.00000 0.00000 0.00000 0.00000
898.740 859.280 822.510 794.590 772.850 752.500 730.070 705.440 694.550 685.370 676.690 679.880 692.200 701.290 702.580 696.000 685.480 677.150 668.250 656.590 633.210 603.280 569.460 542.450 527.160 519.470 508.010 479.840 433.500 377.510 312.620 247.910 197.480 160.510 137.160 121.920 106.990 90.4700 80.8900 69.9800 57.1700 44.2000 33.2500 25.1500 19.6100 15.4100 11.1500 7.27000 6.69000 5.71000 4.52000 3.36000 2.38000 1.66000 1.16000 0.75000 0.34000 0.00000 0.00000 0.00000 0.00000 0.00000 0.00000 0.00000 0.00000 0.00000 0.00000
929.560 873.590 827.730 791.450 761.630 734.260 706.270 676.480 661.540 651.160 645.120 649.610 655.910 661.940 666.200 669.080 672.490 678.020 684.620 693.540 686.420 672.100 655.060 637.990 622.290 605.460 581.820 546.250 495.380 438.080 375.590 315.620 265.720 226.870 197.400 173.170 149.210 122.140 104.170 90.1300 74.0400 58.8300 46.3500 36.7000 29.3300 23.2300 17.3800 11.2000 8.81000 7.43000 5.87000 4.43000 3.27000 2.38000 1.71000 1.16000 0.65000 0.13000 0.00000 0.00000 0.00000 0.00000 0.00000 0.00000 0.00000 0.00000 0.00000
958.170 885.170 826.400 780.520 743.910 712.220 681.750 650.390 626.470 617.460 613.350 613.190 614.990 619.300 626.910 638.730 655.480 677.330 703.190 730.030 746.100 752.540 753.340 747.370 733.120 708.920 673.390 626.360 569.600 509.370 443.890 383.100 333.350 293.280 259.550 228.150 195.680 160.310 129.440 110.610 90.8900 73.0800 58.7700 47.6300 38.7800 31.1900 23.9400 16.5400 10.9900 9.10000 7.15000 5.42000 4.04000 2.99000 2.18000 1.52000 0.93000 0.36000 0.00000 0.00000 0.00000 0.00000 0.00000 0.00000 0.00000 0.00000 0.00000
984.290 893.800 823.170 770.430 730.970 698.570 667.250 633.120 596.950 581.070 575.790 568.790 564.310 565.500 575.640 596.480 627.790 668.510 717.690 769.580 813.150 843.590 865.250 872.970 861.710 830.010 780.630 718.220 649.440 574.620 500.660 436.080 386.260 347.140 312.780 277.890 239.580 197.380 154.770 129.870 105.310 84.2500 68.0700 55.9800 46.6200 38.5100 30.5400 22.1800 13.5500 11.7200 10.2100 8.71000 7.42000 6.36000 5.50000 4.72000 3.81000 2.61000 1.09000 0.00000 0.00000 0.00000 0.00000 0.00000 0.00000 0.00000 0.00000
993.630 888.580 805.180 747.280 709.470 681.640 653.530 619.310 579.260 555.290 541.970 525.200 512.410 507.920 519.000 548.840 595.330 656.420 728.080 803.180 874.760 934.650 979.680 1003.81 995.930 954.370 888.190 803.470 715.210 626.050 543.050 473.990 424.690 389.040 357.530 321.940 279.300 230.030 179.620 144.530 115.450 91.1400 72.8100 60.1600 51.3100 43.9000 36.2000 28.9000 20.9600 17.5000 14.8900 12.2300 10.3200 8.91000 8.10000 7.68000 7.21000 6.28000 4.78000 3.24000 1.57000 0.00000 0.00000 0.00000 0.00000 0.00000 0.00000
987.380 864.720 771.090 709.520 678.580 661.930 640.830 608.960 566.800 535.730 514.940 489.640 462.630 446.410 456.300 497.620 562.090 642.800 734.500 830.750 924.970 1015.49 1089.72 1137.09 1132.37 1071.92 978.390 872.780 767.460 663.820 570.640 499.170 448.280 417.530 392.570 357.880 310.710 255.990 199.430 155.070 120.840 93.1800 72.4100 59.3000 52.1200 47.4100 42.4100 35.7000 27.9300 23.0400 19.5600 15.8000 12.1400 9.66000 9.00000 9.56000 10.1000 9.79000 8.49000 6.63000 4.49000 2.39000 0.67000 0.00000 0.00000 0.23000 0.83000
976.580 838.580 729.610 657.880 639.370 642.970 631.930 602.670 558.960 522.750 495.970 462.060 421.460 384.130 390.320 450.670 534.080 630.980 738.290 850.590 962.110 1074.71 1181.32 1265.76 1262.42 1167.23 1046.84 923.020 804.080 688.810 586.560 509.750 459.080 434.000 417.350 383.280 332.820 273.790 212.700 161.960 123.530 92.2500 68.4300 53.4500 49.4200 49.3900 46.8500 41.4800 34.2700 28.6000 24.1700 18.8100 12.9100 7.90000 7.29000 10.2700 12.6900 13.4100 12.4100 10.2000 7.36000 4.45000 2.03000 0.54000 0.19000 0.71000 1.55000
969.700 825.970 708.320 617.290 608.630 634.320 628.940 600.530 555.700 517.020 487.520 449.740 401.760 341.100 344.100 428.120 522.710 627.160 741.610 860.980 979.670 1100.67 1224.74 1350.12 1348.43 1212.86 1078.41 947.820 823.720 703.360 596.290 515.240 462.810 439.200 430.890 394.320 342.150 281.710 219.120 166.100 125.850 92.5800 66.4000 47.3800 45.5800 50.9000 50.7500 46.9100 40.5800 34.8700 29.7700 22.9300 14.5300 4.98000 4.63000 11.7200 16.1700 17.8500 17.0400 14.3400 10.6100 6.63000 3.14000 0.79000 0.52000 1.10000 2.31000
970.760 835.740 728.080 656.550 638.430 643.510 633.210 602.580 556.870 518.610 490.390 456.080 417.620 383.110 389.920 450.190 534.770 634.660 745.780 861.620 975.290 1087.98 1192.57 1274.02 1271.30 1181.85 1066.81 945.500 826.790 709.470 603.580 522.490 467.730 439.500 422.080 387.720 337.180 279.200 218.790 168.210 129.360 97.1900 72.7700 57.2600 53.6200 55.7900 55.8800 53.0000 47.6500 42.7400 37.7200 30.5300 21.7200 13.7400 12.9500 18.0700 22.3900 24.1500 23.0300 19.6100 14.8600 9.85000 5.69000 2.98000 2.30000 2.60000 3.44000
975.070 858.180 766.970 707.400 678.020 662.770 643.350 609.000 562.460 526.870 502.600 476.370 453.160 440.200 452.620 496.160 563.450 650.400 750.220 854.300 953.990 1046.71 1120.16 1166.43 1164.25 1110.41 1024.30 921.820 815.690 707.550 607.360 528.380 471.050 434.760 406.640 370.600 321.570 267.700 212.320 168.320 133.510 105.000 84.4400 71.3200 65.7000 64.3500 63.2100 60.6200 56.2600 53.0500 49.0600 42.9300 35.5700 29.7300 28.3100 30.5600 32.8000 33.2500 31.0500 26.5200 20.6300 14.8000 10.3400 7.32000 5.99000 5.68000 5.54000
974.110 877.180 801.120 747.700 712.290 685.310 656.450 620.030 572.470 540.660 520.760 503.750 492.880 491.430 506.390 541.800 597.010 667.910 753.180 841.850 924.240 991.120 1040.44 1067.18 1063.18 1027.67 967.890 885.780 793.790 696.820 603.510 524.520 464.170 420.560 384.190 345.750 300.820 249.470 200.540 166.070 136.610 113.230 95.4900 83.7900 77.3200 74.2400 72.4800 70.1300 66.8800 66.3300 64.2500 59.9300 54.5000 50.1300 48.1500 48.0800 47.9100 45.7400 41.5800 35.3900 28.0400 21.5800 16.3800 12.7900 10.7500 9.80000 9.39000
959.630 883.530 823.220 776.910 740.650 708.630 674.930 635.680 587.800 559.270 543.850 534.160 529.710 533.450 548.750 578.040 622.160 680.540 752.790 826.580 889.710 935.030 966.830 981.330 975.260 947.830 901.190 838.940 763.590 676.180 585.150 505.250 443.030 394.680 353.850 314.370 272.370 226.700 184.940 161.030 136.830 117.820 103.500 93.5900 87.3900 83.8700 81.9200 80.6900 79.6400 82.4900 82.4100 80.2700 77.4100 74.5400 72.1200 69.8100 66.5800 61.5000 54.6300 46.0500 36.6700 28.8700 22.7700 18.4700 15.7500 14.2500 13.5900
931.380 878.760 834.810 798.070 765.300 732.580 696.630 655.810 617.020 588.200 570.280 562.310 560.360 565.560 579.360 603.400 638.990 686.290 743.630 804.800 852.360 884.260 903.920 910.190 902.170 878.880 839.650 784.870 714.380 634.390 548.910 470.510 406.860 356.330 314.840 277.450 239.950 200.060 167.020 149.740 133.030 118.850 107.960 100.240 95.1900 92.2200 90.8200 90.6100 92.9100 98.3600 101.720 103.170 103.490 102.450 99.7700 95.1300 88.2700 79.1700 68.1500 56.4100 45.1300 35.6200 28.3400 23.2300 19.9700 18.1700 17.5000
891.070 858.960 831.250 806.330 780.570 750.590 714.900 674.000 645.650 615.180 591.380 582.470 580.310 584.510 595.320 614.170 642.930 682.450 730.030 782.460 816.350 836.610 846.450 846.620 837.510 817.630 784.070 734.610 666.060 584.480 496.990 415.850 350.110 299.890 262.210 231.620 202.310 170.550 148.460 141.010 133.760 125.710 118.990 113.990 110.640 108.560 107.320 106.620 109.640 114.270 121.430 126.810 130.730 131.960 129.300 122.360 111.650 98.0800 82.2000 65.8700 51.6900 39.8400 31.1000 25.2300 21.7800 20.2000 20.0400
842.020 838.010 827.960 816.630 798.720 770.470 732.600 689.100 658.430 626.830 602.610 593.430 590.510 593.070 600.560 614.540 637.470 670.420 710.120 752.680 783.340 801.830 806.080 803.180 794.110 776.410 745.190 691.450 617.770 532.320 441.410 355.780 287.450 238.590 207.470 186.500 166.620 151.610 144.320 141.310 138.700 133.530 127.740 123.590 121.860 122.320 124.080 127.590 134.410 140.620 145.630 149.870 157.850 161.960 159.580 150.090 135.210 116.070 94.9700 74.4100 56.3400 41.2600 30.7700 24.1500 20.8800 20.1100 21.0000
794.690 814.810 829.030 835.600 824.970 792.570 744.250 702.480 665.760 632.000 606.740 592.760 592.280 594.620 599.040 609.140 628.140 656.210 691.320 727.630 754.820 773.010 779.940 778.760 771.140 752.620 716.150 657.130 579.490 487.960 391.500 301.840 226.550 176.750 154.240 148.070 144.290 145.230 143.860 143.900 143.470 139.140 132.070 126.410 125.870 130.690 137.690 147.120 156.860 164.880 171.400 178.690 185.450 191.450 189.600 176.160 155.480 130.940 105.470 80.8400 59.1500 41.2800 27.7200 19.6600 17.0200 18.8700 23.8600
754.740 795.430 833.890 865.500 860.950 813.310 757.560 708.870 666.430 630.530 604.730 590.540 588.490 592.350 595.610 602.150 617.350 641.860 673.870 706.970 733.680 753.550 764.830 769.360 764.390 741.830 698.380 633.180 550.140 453.100 352.130 257.700 176.760 120.720 108.740 121.050 132.950 142.880 146.790 149.700 150.400 144.400 132.470 119.650 119.960 133.850 149.980 165.150 177.890 186.840 193.180 200.880 210.670 220.730 217.400 197.230 170.760 142.100 113.250 85.4100 60.6400 39.8400 23.3800 12.5200 11.3300 17.4600 25.5100
714.850 770.990 830.300 893.300 891.800 820.820 758.120 703.680 658.340 621.910 597.040 585.000 583.890 591.620 593.310 595.700 606.790 627.730 656.940 688.380 715.810 738.570 756.200 769.520 767.070 735.300 683.390 612.900 526.370 427.530 326.450 232.310 150.600 86.4900 81.3900 109.370 131.130 145.900 154.140 160.050 161.840 153.950 136.270 109.480 109.830 139.830 165.390 185.300 199.840 207.990 211.770 216.410 224.700 238.510 236.270 207.550 178.270 148.250 118.110 88.8100 62.4100 39.8500 21.2300 6.67000 6.24000 17.2200 28.0200
666.050 727.870 788.040 837.130 836.770 790.220 735.300 683.080 639.450 604.920 582.600 573.140 574.420 580.740 583.490 585.330 594.470 612.140 638.730 669.240 697.020 721.470 739.410 750.880 745.500 714.200 661.910 590.420 504.750 409.320 313.670 226.930 157.870 112.760 104.190 120.660 138.980 155.530 167.130 176.700 180.880 174.060 157.180 137.660 139.090 164.600 191.640 212.290 225.790 230.770 229.690 228.480 229.040 231.700 226.410 204.940 177.150 149.180 120.240 91.6000 65.5700 43.4000 26.6600 15.9200 15.1400 22.9700 33.4900
603.130 660.060 708.610 744.710 751.280 726.580 688.850 646.340 608.480 577.740 558.850 551.610 553.760 558.760 561.100 564.050 574.990 591.990 616.930 647.510 674.930 698.010 711.490 716.610 707.330 678.890 631.530 564.110 483.180 395.200 308.190 232.830 178.800 146.990 138.440 144.550 155.970 171.920 186.700 201.450 210.400 208.790 198.810 189.770 193.790 211.850 233.650 249.910 258.600 257.870 250.230 241.700 233.450 226.600 216.710 198.680 171.990 146.390 120.320 93.9400 69.7800 49.9900 37.0400 29.3600 28.4000 33.5100 42.2700
526.030 571.030 617.030 646.990 655.370 644.340 622.710 595.200 565.240 538.880 523.350 518.270 520.390 525.020 529.340 534.190 543.360 564.370 589.610 622.240 649.490 667.600 676.050 676.260 664.650 638.160 595.730 536.070 461.150 381.870 303.250 241.500 202.630 178.530 168.760 170.570 179.950 193.860 213.100 235.580 252.300 259.090 259.590 259.030 264.270 276.620 291.230 300.000 300.140 291.170 275.560 257.990 241.250 227.000 212.320 193.810 169.800 142.040 119.190 95.5800 73.7600 58.1100 47.3600 41.5200 40.8200 44.9900 53.2100
447.830 489.760 523.410 545.720 554.990 552.630 542.690 529.420 510.630 488.590 476.820 473.370 474.710 479.160 485.740 495.320 510.070 531.860 556.810 593.220 618.530 632.680 639.700 637.940 625.430 600.220 561.040 507.840 439.350 367.690 303.380 256.350 222.140 200.860 191.630 192.900 202.830 219.570 245.630 279.320 307.520 326.110 337.190 343.990 349.920 355.860 359.890 359.460 350.280 330.420 302.950 275.080 251.440 231.240 212.180 191.640 167.710 139.790 117.440 96.1800 76.8300 63.8400 55.0600 50.6300 50.6000 54.9000 63.3000
377.900 407.330 429.640 444.980 454.230 458.500 458.750 455.700 446.800 431.210 422.070 418.660 418.520 422.360 431.090 445.740 467.150 495.450 529.520 565.570 590.300 603.910 610.120 607.810 595.710 572.370 536.650 488.550 429.250 364.820 307.640 262.890 230.650 211.180 203.830 207.730 222.060 245.860 282.040 329.240 371.440 404.720 428.850 443.690 449.780 447.830 438.530 422.590 397.770 364.830 327.270 291.260 261.210 236.110 213.750 191.480 167.040 139.310 113.010 93.5400 77.6400 66.2900 58.7800 55.4000 56.2500 61.4300 71.0000
310.260 328.100 339.470 347.570 355.810 365.380 374.730 381.410 382.150 370.820 360.720 354.710 350.950 352.490 362.410 382.330 411.930 449.740 497.650 541.670 570.950 587.780 596.460 596.200 585.810 563.840 529.200 481.880 425.080 359.230 305.130 259.850 227.690 209.310 204.630 213.150 234.310 267.640 317.070 378.600 435.480 484.020 521.770 544.790 550.380 539.340 515.690 483.950 443.580 397.630 348.680 304.090 268.350 240.220 216.970 194.990 170.930 142.830 111.010 94.3400 84.2700 75.9000 70.0600 67.6100 69.2400 75.2800 85.5800
250.810 259.600 262.270 263.680 270.350 283.880 300.010 311.190 315.110 309.080 300.720 293.050 284.990 282.730 292.610 317.330 354.810 402.230 458.950 510.660 551.400 579.810 594.400 598.830 590.750 568.300 531.250 479.000 417.870 351.180 294.950 246.490 211.130 191.580 189.400 204.340 234.920 280.510 343.200 418.360 494.200 563.760 618.530 652.250 656.920 633.670 592.150 540.930 483.510 422.850 363.520 311.070 268.770 238.370 216.690 198.020 176.810 156.190 130.830 112.970 98.9000 85.2000 76.8300 72.6100 74.6800 83.6900 98.5500
204.480 205.850 201.720 196.420 201.150 217.830 237.460 252.770 259.830 257.680 250.230 237.800 226.230 218.270 226.580 256.590 301.820 360.580 424.930 484.620 533.860 574.480 602.140 616.180 610.690 583.380 537.690 479.400 412.450 342.420 280.630 226.790 183.950 158.840 158.420 182.350 224.250 285.210 361.040 449.930 542.850 634.250 713.180 764.690 768.090 726.390 662.850 589.330 515.960 441.170 369.580 308.860 259.990 227.450 210.060 200.930 191.440 174.990 151.990 132.370 115.340 96.3100 78.0500 66.8900 68.9000 84.6000 109.180
