data/area_mag.asc
ncols 259
nrows 304
xllcenter -54500
yllcenter 6099500
cellsize 1000.00
nodata_value  1142.4056
[rows 130 to 155 of 304, columns 174 to 231 of 259]
-107.38160 -105.76390 -103.66400 -101.90780 -100.74920 -99.740800 -97.668900 -93.498500 -86.923200 -79.008300 -70.613100 -61.381100 -50.743000 -38.755600 -29.726700 -26.830400 -30.362800 -36.027400 -40.572500 -44.383000 -47.287500 -50.941300 -54.295700 -57.062300 -58.757100 -59.424800 -59.444200 -59.434000 -59.707900 -59.685800 -58.583700 -55.707000 -51.727000 -48.678500 -45.252900 -39.572400 -32.234300 -25.574100 -17.251500 -7.0092000 4.3919000 12.288400 16.032900 17.212700 19.560800 22.278000 24.875300 26.896700 29.157500 31.189200 33.462600 36.064800 38.234300 39.784700 40.270300 40.466800 41.888200 45.506000
-106.58440 -104.44400 -101.92390 -100.16150 -99.328200 -98.778300 -96.610000 -91.622300 -84.551900 -76.318500 -69.125700 -61.937700 -52.110400 -37.849800 -27.744700 -24.294200 -25.893600 -31.090200 -36.150500 -40.336600 -43.924300 -47.711400 -51.019400 -53.412300 -54.893200 -55.811000 -56.196000 -55.939100 -55.561100 -55.053800 -53.681500 -50.927300 -46.660700 -43.363900 -40.422600 -34.304200 -26.078100 -17.157800 -8.4617000 1.2088000 11.202400 17.598700 20.003100 21.514300 24.080600 26.870700 28.836200 30.007600 31.103100 32.200900 33.160500 34.335400 35.657100 37.199400 38.202900 38.489200 38.976500 41.171200
-105.57220 -102.47000 -99.602000 -97.791200 -97.067200 -96.470800 -94.555600 -89.830200 -81.978500 -74.834200 -69.167000 -62.311300 -52.090800 -38.500800 -27.504500 -22.672600 -23.928600 -28.456900 -33.252900 -37.510200 -41.343000 -44.700000 -47.306700 -49.064600 -50.504600 -51.791800 -52.675200 -52.700600 -51.598300 -50.090800 -48.108700 -44.371100 -40.040500 -36.383900 -32.876500 -27.545500 -19.872800 -8.9877000 0.01950000 8.7995000 17.068400 22.199100 24.097600 24.898700 28.058400 30.958300 32.297200 32.777400 32.955100 33.247100 33.357800 33.217800 34.175600 35.189900 35.609400 35.620100 35.245800 35.341900
-103.65930 -99.428800 -96.124600 -94.286800 -93.802600 -93.961400 -92.706300 -88.469200 -81.418300 -74.616900 -69.373100 -63.023800 -52.331700 -38.172400 -28.137200 -23.764500 -24.424600 -27.663100 -31.760900 -35.716700 -39.274000 -42.115200 -43.784800 -44.686500 -45.834700 -47.270100 -49.034900 -49.374800 -47.866000 -45.217000 -41.836200 -37.459000 -32.650900 -28.205300 -24.510400 -19.210100 -11.627100 -1.9260000 7.7227000 15.784700 22.878300 27.302500 28.286600 29.244800 32.595200 35.148400 35.792100 35.406500 34.765000 34.721200 34.670800 34.763600 34.607800 34.026500 33.025100 31.738000 30.346800 29.192300
-99.984500 -95.523200 -91.683800 -90.020400 -89.722400 -90.432400 -90.421300 -86.981700 -80.536200 -74.006500 -69.383800 -63.096400 -52.228600 -39.058500 -29.509300 -25.115100 -25.844400 -28.462600 -31.709900 -34.959100 -37.961900 -40.092000 -41.204000 -41.204100 -41.829400 -43.134700 -44.630600 -44.721500 -43.453400 -40.506700 -36.228400 -30.642300 -25.004200 -19.989200 -15.794000 -11.565300 -5.5254000 5.3785000 15.364900 22.906000 28.975000 32.616000 34.083600 35.672700 37.878100 39.470200 39.043700 38.067900 36.875800 36.071100 36.024100 36.000000 35.503700 33.056900 30.642600 28.280200 26.038000 24.217300
-95.190000 -91.288300 -87.709000 -85.798200 -85.639000 -86.722400 -87.291700 -83.818700 -78.338300 -73.146700 -68.359600 -62.576200 -53.045500 -40.247200 -31.835700 -28.430300 -28.673200 -30.627800 -32.852700 -35.425600 -37.655100 -39.146200 -39.717500 -39.225200 -38.559700 -38.758700 -39.458900 -39.439300 -37.580000 -34.647100 -30.062100 -24.103100 -17.811900 -11.973800 -8.2145000 -5.1305000 1.2179000 12.083100 22.328600 30.088400 35.031000 38.418800 39.753200 41.227900 42.630700 43.119000 42.237300 40.526400 38.649900 37.526700 37.084700 36.371000 35.109900 31.726200 27.839900 25.398500 23.593900 21.110300
-91.092100 -87.439700 -83.401000 -81.610900 -81.847800 -83.030700 -83.108800 -80.319000 -75.698900 -71.153800 -66.425000 -60.554500 -51.897200 -41.961800 -34.420100 -30.827100 -30.737400 -32.668700 -34.545600 -36.174300 -37.665900 -38.566300 -38.838100 -37.918500 -36.009800 -35.037600 -34.739000 -33.997500 -31.709100 -28.053700 -24.005000 -17.796500 -11.377600 -5.3134000 -1.8422000 0.9146000 6.5394000 18.230900 28.584100 35.762500 40.189700 42.907000 44.468000 45.770500 46.574100 46.556700 45.494300 43.364100 41.072100 39.109000 37.830500 36.305200 34.014200 29.392900 25.003400 23.147700 22.442500 20.084200
-87.910400 -83.524000 -79.466700 -77.441200 -78.067800 -79.571300 -80.098700 -77.523100 -73.609800 -69.286800 -63.858100 -57.507700 -49.753400 -41.709100 -36.012300 -33.365900 -32.940200 -34.332000 -35.910300 -36.854900 -37.613300 -37.909800 -37.513600 -36.189800 -34.003100 -32.019700 -30.639600 -29.434500 -27.135000 -22.901400 -18.222000 -12.162600 -6.0327000 -0.4123000 3.5044000 5.5584000 10.982100 22.234800 32.610800 40.167100 44.178100 46.044900 47.827100 49.101500 49.590100 49.069400 48.174800 46.291800 43.289600 40.277900 38.203200 35.928100 32.338400 27.073100 22.396500 20.830400 21.948800 19.434200
-86.288400 -80.237300 -74.690400 -72.730100 -74.791600 -77.046400 -77.514500 -75.357900 -71.613900 -68.049800 -61.113600 -53.238400 -45.708500 -40.604100 -37.306500 -35.847000 -35.585100 -36.241900 -37.351900 -37.712500 -37.648800 -37.140000 -36.083700 -34.414100 -31.596500 -29.170000 -27.346500 -25.636300 -23.225300 -19.428100 -14.113500 -7.5308000 -1.0623000 3.7454000 7.1773000 10.266500 15.557200 25.248700 35.635900 42.830800 46.082900 47.700900 49.489700 50.909800 51.603300 50.827200 50.436600 48.653000 45.205600 41.450800 37.986800 34.897500 31.064700 25.015600 20.254600 18.737200 18.762000 16.856200
-84.639300 -76.953500 -71.243500 -70.087000 -72.657200 -75.887700 -76.077000 -73.039700 -68.930400 -65.024800 -58.344600 -49.490700 -42.575900 -39.003500 -37.552000 -37.113100 -37.071500 -37.961300 -38.875300 -38.813600 -37.844100 -36.586400 -34.897700 -32.483100 -29.748700 -26.975000 -24.763100 -22.598600 -19.937200 -16.599000 -11.122400 -4.0999000 2.7905000 7.8750000 10.718200 13.127500 17.678200 26.989600 36.539400 43.107200 46.823500 48.139500 49.835000 51.309700 51.728400 51.654600 51.773800 50.253600 46.423000 41.854500 37.240600 33.513000 29.181500 23.498000 18.372400 15.638700 14.130300 11.757500
-82.595000 -74.848200 -68.988400 -68.289800 -71.817100 -74.613100 -74.250600 -70.732400 -66.323500 -60.054500 -53.686500 -45.370200 -39.645500 -37.011900 -36.457800 -36.978300 -38.091500 -39.448800 -40.436600 -40.126300 -38.909900 -37.037600 -35.082600 -32.299800 -29.057800 -26.179400 -23.326800 -20.112500 -16.970400 -13.475200 -8.5940000 -2.2778000 4.8613000 9.7007000 12.397800 14.618000 19.512800 27.053900 35.849800 42.222500 45.281200 46.619800 48.028500 49.713400 50.826600 51.563300 52.603500 50.999900 46.696200 42.033900 36.755200 32.304500 27.357100 21.670600 15.944900 12.108800 8.9549000 5.4773000
-80.748900 -74.077400 -68.967900 -68.503300 -70.734200 -72.233100 -71.702600 -67.599200 -61.588000 -54.492700 -47.733800 -40.747100 -36.455800 -34.779700 -34.985600 -36.298800 -38.599200 -40.525500 -41.940200 -42.096900 -41.103000 -39.129000 -36.872300 -34.197200 -30.582700 -27.305800 -23.703900 -19.496100 -15.560900 -12.281900 -7.4861000 -1.7823000 4.6402000 8.8394000 11.483500 13.823100 18.450900 25.284400 32.580800 38.302000 41.170200 42.564600 43.979500 46.686700 48.650600 50.104800 50.235000 48.759600 44.846700 39.905000 35.015100 30.109200 24.757000 18.738300 13.257000 8.2755000 3.6987000 -0.3797000
-81.181500 -74.719000 -70.197700 -68.699900 -69.189900 -69.012200 -66.817800 -62.186000 -55.576700 -47.934800 -40.873100 -34.701200 -32.561000 -32.353400 -33.756700 -35.977000 -39.372000 -42.231000 -43.988800 -44.482700 -43.699100 -41.805100 -39.579300 -36.848500 -32.991100 -29.845100 -25.741500 -20.701500 -16.392600 -12.994100 -8.6541000 -3.2146000 2.4106000 6.0121000 8.3498000 11.224600 15.745500 21.238800 26.029200 32.090400 34.534500 35.689200 37.723700 41.084700 44.180300 45.946100 45.332700 43.124500 39.836200 35.621700 31.176800 25.705300 20.006200 14.812500 9.1916000 3.7755000 -1.2024000 -5.5183000
-82.432100 -75.720500 -71.370800 -69.215800 -67.434500 -64.605800 -59.985400 -54.719300 -47.770500 -38.928500 -31.759700 -27.535500 -27.218400 -29.308700 -33.056600 -36.464500 -40.874300 -44.327000 -46.113200 -46.769200 -46.243200 -44.871100 -42.859500 -40.010300 -36.105400 -32.743700 -28.324600 -22.778900 -18.399200 -15.477200 -11.516900 -6.2138000 -1.3241000 1.7577000 3.6291000 6.7289000 10.911100 15.126100 17.667100 22.081300 26.012700 28.217300 30.172400 34.076500 36.811000 37.241300 36.574600 35.094900 32.648100 29.039800 24.735600 19.562200 13.858900 9.2524000 4.2371000 -1.2246000 -6.0422000 -10.148800
-84.636900 -77.656200 -72.727100 -69.369800 -64.636200 -58.778700 -51.229400 -44.220400 -36.892300 -28.913200 -21.213100 -18.222800 -20.851400 -26.348100 -32.137400 -37.385600 -42.543000 -46.356000 -48.468100 -49.449300 -49.125100 -47.927000 -45.750900 -42.875400 -39.766400 -36.192300 -31.094000 -25.408700 -21.540900 -18.616000 -14.967800 -9.9147000 -4.7201000 -2.5820000 -1.8277000 0.5096000 4.4068000 7.6081000 8.2989000 11.207300 16.925600 19.366200 21.912800 24.132600 25.754900 25.922000 25.379400 26.539200 24.430800 20.842500 16.607200 12.107900 7.4459000 2.5613000 -1.6168000 -6.7308000 -10.888500 -14.426000
-87.229300 -79.532700 -74.341100 -69.572300 -62.089100 -52.181800 -41.811400 -32.678300 -24.924000 -17.530500 -10.730200 -9.8863000 -14.475500 -22.267400 -29.899900 -36.995700 -42.950800 -47.180100 -49.851100 -51.781700 -52.518300 -51.365900 -48.753500 -45.780400 -43.683500 -40.194700 -34.616400 -29.066500 -25.789800 -22.870100 -19.153000 -13.863200 -8.2772000 -5.7109000 -6.0055000 -6.0351000 -3.7168000 -1.9263000 -2.5803000 0.1691000 5.2648000 8.9174000 11.399100 13.190300 14.198500 14.739400 16.562900 17.347700 15.447900 11.705100 7.5894000 4.1363000 0.5123000 -4.2018000 -8.7165000 -12.893000 -16.300700 -18.842500
-89.474700 -82.224900 -76.134700 -70.644500 -61.171500 -47.116500 -33.622300 -22.378000 -14.134700 -8.1570000 -2.9821000 -3.4383000 -9.1652000 -18.421900 -27.236500 -35.237600 -41.822000 -47.030400 -51.225800 -54.589400 -56.247300 -55.029400 -52.125800 -49.275100 -47.697400 -45.390900 -38.892900 -34.039100 -31.272900 -28.455400 -23.751600 -17.781100 -11.554700 -7.6730000 -9.5893000 -12.650600 -12.997900 -13.224900 -14.230400 -11.802500 -5.3014000 -1.8437000 0.5432000 2.4111000 3.7411000 4.8117000 6.4652000 8.3596000 5.5371000 1.2782000 -2.7164000 -5.3004000 -7.2736000 -10.774000 -15.867500 -19.951100 -22.528900 -24.523000
-90.653700 -83.684900 -76.984700 -71.381000 -61.480500 -45.737300 -27.887700 -15.801700 -7.5688000 -2.4865000 0.8980000 -0.4992000 -6.3925000 -15.330400 -25.012900 -33.765700 -40.980000 -46.518900 -51.535700 -56.233600 -58.847100 -58.418200 -55.892800 -53.185300 -52.219400 -49.827500 -44.192600 -39.298100 -36.785000 -33.823600 -28.783400 -22.763300 -15.732200 -12.785000 -14.074800 -18.574700 -21.306300 -22.922900 -24.126400 -21.842400 -16.614700 -12.638800 -10.339700 -8.0771000 -5.8351000 -4.2132000 -2.9043000 -2.1579000 -5.4839000 -10.445300 -14.331500 -15.605200 -15.207600 -17.727400 -22.739700 -26.932200 -29.192100 -30.553300
-89.126600 -82.300100 -75.772300 -69.754800 -61.556400 -46.116400 -26.565300 -13.590500 -5.2028000 0.2631000 3.1716000 1.8408000 -4.1469000 -13.260700 -23.220700 -32.283300 -39.754800 -45.683400 -50.748000 -56.370300 -59.861500 -60.305200 -59.067500 -57.651500 -56.656600 -54.592400 -49.363100 -44.707700 -42.718300 -39.646900 -35.128300 -29.159000 -22.919900 -19.935800 -21.207300 -25.447500 -28.343200 -30.662900 -31.591900 -29.789600 -26.593600 -22.717700 -20.506300 -18.039400 -15.125800 -13.030600 -11.897000 -12.266100 -16.306400 -22.425100 -26.180900 -26.154300 -24.891400 -26.263400 -30.763600 -34.134500 -35.886500 -37.291800
-88.046100 -80.686600 -74.194700 -67.334800 -57.327300 -42.979400 -26.605700 -13.100300 -3.9220000 2.3963000 5.1513000 3.2770000 -3.0071000 -11.663900 -21.233800 -30.658300 -38.528600 -44.180600 -48.902100 -53.572800 -57.395800 -60.031600 -61.090700 -61.004200 -60.363700 -57.927100 -53.030500 -49.176900 -47.285800 -44.923400 -41.332300 -36.491600 -32.541500 -30.129700 -31.302000 -33.877200 -35.915300 -38.045500 -38.893400 -36.608700 -34.226400 -31.555800 -28.841000 -26.303600 -23.211900 -20.614800 -20.287200 -21.077200 -25.556800 -32.185300 -37.167700 -37.628300 -35.354500 -36.316500 -40.537000 -42.172000 -43.887400 -45.535300
-86.314200 -79.232100 -72.310000 -64.681300 -54.326000 -40.352600 -26.197100 -13.625700 -4.8265000 2.1045000 5.2739000 3.9824000 -1.9835000 -10.146100 -19.286500 -28.555100 -36.820600 -42.556000 -46.266000 -49.595100 -53.740400 -57.974500 -60.821100 -61.847000 -61.659500 -58.865300 -55.063100 -51.629500 -50.115700 -48.417200 -45.943400 -43.246800 -41.947600 -42.176500 -41.753600 -43.424900 -44.366800 -45.903900 -45.702100 -43.843700 -41.254900 -38.910200 -35.597800 -32.611100 -30.273800 -29.035400 -28.764700 -29.964100 -33.214400 -40.988400 -46.835100 -47.951100 -46.852100 -47.465900 -49.332600 -50.347400 -53.440400 -55.299100
-84.317300 -77.798600 -70.993600 -63.503200 -53.410900 -40.415000 -27.809100 -16.474600 -7.7953000 -0.3482000 3.8384000 2.3948000 -2.7424000 -10.164700 -18.582600 -28.109200 -36.600000 -40.521200 -42.889900 -45.483500 -49.194500 -54.153000 -58.446100 -60.468900 -60.159600 -57.610700 -54.358600 -52.132400 -51.064500 -50.188900 -49.226000 -48.741800 -49.418800 -51.163200 -51.673900 -52.325100 -52.270700 -52.760700 -52.039000 -49.358800 -47.142700 -45.043600 -42.097100 -39.287100 -37.705400 -37.099900 -37.211700 -38.982700 -42.387000 -48.583000 -55.036100 -58.373100 -58.849600 -58.585200 -59.737400 -60.605500 -63.169600 -65.738400
-81.768400 -75.939600 -69.701700 -62.829200 -54.173600 -42.482200 -31.121200 -21.521500 -12.493000 -5.4362000 -1.6099000 -1.7231000 -5.3293000 -10.547900 -18.492800 -27.957500 -35.062200 -38.355500 -40.127700 -41.580900 -45.208500 -50.301800 -54.847300 -56.788200 -56.283300 -54.397300 -52.162100 -50.670500 -50.373600 -50.355800 -50.749200 -52.080600 -54.694600 -57.810600 -59.395700 -59.179100 -58.679800 -58.111500 -56.329400 -53.667400 -51.511900 -50.026900 -47.995800 -45.517600 -44.474000 -44.532200 -45.239600 -46.983200 -50.862600 -55.788300 -63.040900 -67.783800 -70.085000 -70.499700 -69.896600 -70.168700 -72.549200 -76.396900
-77.801700 -72.826700 -67.770900 -62.820300 -55.841600 -45.723500 -35.673500 -26.812900 -18.124700 -11.341700 -6.9045000 -6.3676000 -8.6110000 -12.507600 -18.884900 -26.718700 -33.680500 -36.088800 -36.589900 -37.381200 -40.855700 -45.857600 -49.830000 -51.623300 -50.997400 -49.776200 -48.311300 -47.788800 -47.811200 -48.806200 -51.115300 -54.528500 -58.186200 -62.444900 -64.701500 -65.140100 -64.895900 -63.831700 -61.074500 -57.019900 -54.446800 -53.481900 -51.928900 -50.620500 -50.434500 -51.359800 -52.293500 -53.651300 -57.403600 -62.436300 -68.541200 -75.167900 -80.245100 -82.290700 -80.130800 -78.714700 -79.977500 -83.709200
-72.961600 -68.310200 -64.435200 -60.518100 -55.435200 -47.837800 -39.620200 -32.320500 -24.911900 -18.556800 -14.073000 -11.569900 -11.811600 -14.452900 -18.466300 -25.020600 -30.138900 -32.159400 -32.401300 -32.952600 -35.340000 -40.601100 -43.123400 -44.043000 -43.333000 -42.839800 -42.567900 -42.616100 -43.608400 -46.104400 -50.015500 -54.660000 -59.734100 -64.408100 -68.088200 -69.669400 -70.119100 -68.946800 -65.665200 -61.159500 -58.072700 -56.614400 -55.081100 -54.507400 -55.508000 -57.366800 -58.896900 -60.188100 -62.398700 -66.334300 -72.428600 -80.313300 -87.482500 -90.906400 -89.475600 -85.957300 -84.569800 -89.329100
-68.674400 -63.974700 -60.424600 -59.077900 -55.607100 -49.181300 -42.678800 -36.445600 -30.329200 -24.782500 -19.774500 -15.896800 -14.996600 -16.676300 -19.460100 -23.217800 -26.063300 -27.363100 -27.688300 -28.124200 -29.900700 -32.874600 -34.319700 -34.120400 -33.973700 -34.598100 -35.091700 -35.877100 -37.867200 -41.640200 -46.768800 -52.558300 -58.620500 -64.058300 -68.783800 -71.444400 -72.610000 -71.914800 -69.194700 -64.937300 -61.426000 -59.701300 -57.947300 -57.781000 -59.783300 -62.900000 -65.682900 -66.532000 -67.939400 -70.934300 -76.137300 -83.895600 -92.150200 -97.249100 -96.716600 -91.945600 -89.877300 -93.859600
