data/area_grres.asc
ncols 259
nrows 304
xllcenter -54500
yllcenter 6099500
cellsize 1000.00
nodata_value  23.5636
[rows 174 to 202 of 304, columns 132 to 197 of 259]
-1.29940 -1.72850 -2.20110 -2.59720 -2.87300 -2.90340 -2.81250 -2.70960 -2.51410 -2.18050 -1.71220 -1.09430 -0.33710 0.54590 1.57880 2.80920 4.15310 5.64800 6.97740 7.80570 8.22820 8.10050 7.80620 7.72820 7.72430 7.78270 7.89500 8.07230 8.24520 8.33640 8.38150 8.37950 8.36320 8.37240 8.38560 8.38410 8.39940 8.43450 8.55550 8.85080 9.25520 9.75770 10.2843 10.7525 11.1773 11.5541 11.8599 12.0703 12.1839 12.1998 12.0916 11.8209 11.4223 10.9134 10.3053 9.60800 8.84240 8.01500 7.17850 6.37310 5.64220 5.03790 4.57340 4.30900 4.15640 4.04590
-1.84040 -2.08120 -2.42660 -2.76980 -3.06930 -3.23500 -3.30710 -3.31040 -3.20190 -2.94570 -2.54530 -1.98600 -1.28700 -0.48250 0.48640 1.73750 3.05970 4.28490 5.40170 6.39620 7.10770 7.24180 7.18550 7.25450 7.36910 7.57110 7.81250 8.07650 8.31180 8.45400 8.52570 8.51890 8.46190 8.37750 8.27430 8.15870 8.06080 7.98680 8.01590 8.25270 8.62760 9.12590 9.68710 10.2548 10.8019 11.2933 11.6959 11.9580 12.1000 12.1330 12.0339 11.7728 11.3814 10.8756 10.2725 9.58900 8.84140 8.03230 7.22090 6.45660 5.77130 5.21020 4.78290 4.53660 4.40400 4.34020
-2.51770 -2.65990 -2.94140 -3.24800 -3.54830 -3.77100 -3.92120 -3.98270 -3.94830 -3.81560 -3.55350 -3.11190 -2.54550 -1.93030 -1.15180 -0.042400 1.16280 2.27230 3.32280 4.32960 5.16500 5.62870 5.95260 6.30690 6.67560 7.12590 7.57830 7.98270 8.31810 8.54570 8.66820 8.65910 8.56690 8.42720 8.25180 8.05440 7.86530 7.68980 7.61780 7.75660 8.05980 8.54060 9.12690 9.76700 10.4122 11.0218 11.5207 11.7940 11.9207 11.9501 11.8564 11.6243 11.2712 10.8037 10.2393 9.59100 8.87910 8.10940 7.33760 6.60950 5.96100 5.44460 5.05690 4.82840 4.70990 4.67260
-3.38510 -3.46380 -3.69280 -3.95740 -4.23780 -4.48050 -4.67290 -4.77680 -4.81500 -4.81980 -4.72380 -4.44290 -4.05900 -3.67890 -3.14420 -2.26510 -1.24270 -0.21570 0.81910 1.82910 2.78280 3.62250 4.39370 5.11230 5.80930 6.55120 7.24670 7.82650 8.29080 8.61910 8.80380 8.80840 8.69920 8.52700 8.30110 8.03620 7.76670 7.50070 7.33210 7.36310 7.57700 8.02100 8.60590 9.27800 9.97870 10.6672 11.2365 11.5268 11.6560 11.6969 11.6249 11.4387 11.1400 10.7237 10.2088 9.60380 8.93450 8.21340 7.48860 6.79810 6.18490 5.71030 5.35850 5.14510 5.03760 5.02150
-4.43440 -4.46500 -4.62680 -4.83330 -5.07790 -5.33470 -5.57470 -5.74960 -5.89060 -6.04070 -6.11720 -6.02720 -5.84440 -5.65840 -5.32900 -4.70950 -3.90950 -2.98330 -1.95000 -0.84120 0.32680 1.55030 2.76110 3.88140 4.93590 5.93950 6.84300 7.60690 8.21600 8.63690 8.88390 8.94510 8.86590 8.67920 8.41150 8.08650 7.74610 7.41090 7.16800 7.11050 7.24230 7.63390 8.17830 8.80810 9.47420 10.1310 10.7004 11.0685 11.2966 11.4098 11.4037 11.2849 11.0461 10.6729 10.1937 9.62260 8.98890 8.31280 7.63500 6.98900 6.41570 5.97180 5.64370 5.44370 5.35130 5.36750
-5.55490 -5.54920 -5.64690 -5.80480 -6.01940 -6.28480 -6.56640 -6.81870 -7.06780 -7.35040 -7.58920 -7.70340 -7.73930 -7.75000 -7.63340 -7.31200 -6.76480 -5.92280 -4.85260 -3.58650 -2.15880 -0.57370 1.04680 2.58500 4.02320 5.30330 6.42880 7.39770 8.16930 8.68720 8.99550 9.10980 9.05860 8.86190 8.56100 8.18740 7.79060 7.40620 7.10680 6.97060 7.01630 7.32390 7.78750 8.34240 8.94430 9.54120 10.0918 10.5397 10.8785 11.0784 11.1529 11.1091 10.9363 10.6146 10.1792 9.64790 9.05300 8.42200 7.78790 7.17810 6.63630 6.21980 5.91570 5.73470 5.66320 5.71100
-6.64940 -6.60000 -6.64160 -6.78980 -7.01400 -7.29450 -7.61340 -7.94470 -8.29250 -8.66340 -9.02430 -9.34570 -9.62250 -9.86100 -9.99800 -10.0424 -9.78550 -8.95540 -7.75170 -6.26170 -4.55070 -2.68660 -0.74900 1.19480 3.03990 4.64530 6.05120 7.27340 8.24500 8.88320 9.25170 9.36720 9.28770 9.06620 8.73520 8.32630 7.89460 7.49090 7.15980 6.95550 6.90110 7.05190 7.36560 7.84480 8.40960 8.99530 9.55950 10.0416 10.4315 10.6975 10.8433 10.8619 10.7536 10.5101 10.1509 9.68070 9.13670 8.54890 7.94470 7.33770 6.79890 6.41570 6.15310 6.01010 5.97320 6.04690
-7.66930 -7.59490 -7.60310 -7.75680 -8.00000 -8.29730 -8.65030 -9.05560 -9.49260 -9.93510 -10.3962 -10.8963 -11.3875 -11.8434 -12.2199 -12.5789 -12.5751 -11.7980 -10.5037 -8.75280 -6.72060 -4.60760 -2.39890 -0.081800 2.14900 4.08620 5.77910 7.23100 8.37300 9.11230 9.52460 9.62340 9.50300 9.25590 8.90110 8.46980 8.01730 7.60170 7.24550 6.98210 6.83580 6.83510 7.00050 7.39930 7.91920 8.48630 9.05250 9.54530 9.96430 10.2889 10.5071 10.5988 10.5669 10.4033 10.1203 9.71420 9.22440 8.68150 8.10810 7.50480 6.96820 6.61190 6.38530 6.28280 6.28200 6.37250
-8.52760 -8.47610 -8.50140 -8.66170 -8.91300 -9.22730 -9.61410 -10.0865 -10.6053 -11.1258 -11.6772 -12.2890 -12.9153 -13.5479 -14.1035 -14.5925 -14.7252 -14.2168 -13.0637 -10.9968 -8.52900 -6.13710 -3.65980 -1.00960 1.55890 3.82130 5.77530 7.33890 8.52600 9.30390 9.72940 9.80980 9.66080 9.39650 9.02760 8.58820 8.12180 7.67330 7.27220 6.95300 6.74490 6.68330 6.78370 7.10690 7.55260 8.05240 8.57140 9.05410 9.49460 9.87460 10.1761 10.3887 10.4711 10.3599 10.1105 9.74690 9.30000 8.80350 8.27310 7.70380 7.19170 6.84140 6.62210 6.55510 6.58800 6.68200
-9.24300 -9.23250 -9.29170 -9.45920 -9.71420 -10.0465 -10.4619 -10.9766 -11.5487 -12.1349 -12.7560 -13.4237 -14.1212 -14.8864 -15.5663 -16.0755 -16.2479 -15.9852 -14.9983 -12.6958 -9.88610 -7.26850 -4.57970 -1.70080 1.10260 3.62990 5.80500 7.45750 8.66960 9.44460 9.84930 9.91510 9.75140 9.47390 9.09550 8.65850 8.18990 7.71660 7.28080 6.92320 6.67450 6.57990 6.63640 6.88130 7.23980 7.65570 8.11070 8.57300 9.02600 9.44970 9.82240 10.1426 10.3308 10.2768 10.0720 9.76400 9.37420 8.93540 8.46030 7.94480 7.47190 7.12430 6.89980 6.85030 6.89680 6.97940
-9.80260 -9.83060 -9.91340 -10.0837 -10.3397 -10.6971 -11.1355 -11.6411 -12.2097 -12.8424 -13.5093 -14.1649 -14.8586 -15.7135 -16.4640 -16.8995 -16.9789 -16.7093 -15.7351 -13.4417 -10.6120 -7.88340 -5.07730 -2.17310 0.66640 3.33740 5.68420 7.50890 8.83470 9.55030 9.86080 9.92350 9.77120 9.47360 9.07640 8.64580 8.19000 7.72540 7.29390 6.93690 6.67280 6.53210 6.52040 6.67120 6.93180 7.26380 7.65860 8.10810 8.57280 9.01860 9.42160 9.76410 9.99360 10.0326 9.93930 9.73990 9.45310 9.09910 8.69950 8.26290 7.84870 7.51250 7.27550 7.20320 7.21790 7.27260
-10.2147 -10.2794 -10.3840 -10.5518 -10.8007 -11.1731 -11.6184 -12.0871 -12.6193 -13.2667 -13.9451 -14.5527 -15.1935 -16.0520 -16.7860 -17.0984 -17.0378 -16.6581 -15.6460 -13.5012 -10.8377 -8.11690 -5.29760 -2.47330 0.29920 3.00060 5.42430 7.37550 8.79870 9.46290 9.70010 9.77860 9.65800 9.36220 8.96660 8.55620 8.12570 7.68550 7.27350 6.92850 6.65850 6.47920 6.40660 6.47270 6.64410 6.89900 7.23490 7.65990 8.12020 8.57470 8.99490 9.34410 9.60610 9.74810 9.78270 9.70560 9.53440 9.27450 8.95820 8.60740 8.25830 7.94310 7.69570 7.58100 7.53830 7.54480
-10.4746 -10.5711 -10.6992 -10.8576 -11.0858 -11.4463 -11.8694 -12.2842 -12.7573 -13.3681 -14.0071 -14.5634 -15.1208 -15.8185 -16.3793 -16.5684 -16.3973 -15.8486 -14.7734 -12.9004 -10.5785 -8.04520 -5.36330 -2.65320 0.019700 2.60700 4.93640 6.84180 8.25660 8.95650 9.24890 9.37670 9.30940 9.07650 8.74190 8.38040 7.98940 7.58070 7.18650 6.83730 6.55040 6.35000 6.24650 6.26660 6.38510 6.58650 6.86790 7.23140 7.64680 8.09820 8.54460 8.94540 9.28260 9.52580 9.67160 9.70180 9.63130 9.45570 9.21490 8.93950 8.65230 8.37980 8.14120 7.97330 7.84970 7.77430
-10.6078 -10.7230 -10.8630 -11.0032 -11.1997 -11.5261 -11.9052 -12.2594 -12.6631 -13.2022 -13.7642 -14.2530 -14.7066 -15.1874 -15.5264 -15.5939 -15.3339 -14.6429 -13.5343 -11.9517 -10.0014 -7.72630 -5.25980 -2.71480 -0.19590 2.19050 4.33740 6.12220 7.48560 8.25100 8.64730 8.84300 8.84260 8.69190 8.43530 8.13030 7.78340 7.41160 7.04070 6.69250 6.39540 6.18380 6.06100 6.04820 6.12660 6.28620 6.52090 6.82140 7.18710 7.63240 8.10280 8.55690 8.96840 9.29940 9.54250 9.67430 9.70450 9.62280 9.46570 9.25890 9.02450 8.79400 8.56620 8.34890 8.14680 7.98370
-10.6339 -10.7425 -10.8668 -10.9750 -11.1267 -11.3925 -11.7073 -12.0144 -12.3597 -12.7973 -13.2466 -13.6463 -13.9920 -14.2867 -14.4472 -14.4173 -14.1203 -13.4560 -12.4385 -11.0247 -9.28520 -7.23410 -4.99750 -2.66460 -0.36100 1.77140 3.69240 5.33340 6.63740 7.47800 7.99500 8.27570 8.35180 8.27070 8.07300 7.81010 7.49790 7.16350 6.82500 6.50110 6.21660 6.00090 5.85850 5.80530 5.83720 5.95950 6.16040 6.42620 6.76910 7.21930 7.71000 8.19160 8.64250 9.02470 9.33730 9.56800 9.71330 9.76560 9.72570 9.57420 9.36460 9.14670 8.91240 8.66850 8.42100 8.19000
-10.5653 -10.6515 -10.7445 -10.8154 -10.9168 -11.1057 -11.3400 -11.5942 -11.8755 -12.1956 -12.5152 -12.8132 -13.0474 -13.1726 -13.1769 -13.0602 -12.7411 -12.1463 -11.2508 -9.97370 -8.40960 -6.59760 -4.62370 -2.54150 -0.48820 1.37810 3.06700 4.55320 5.78380 6.67720 7.29440 7.65250 7.80290 7.78960 7.65150 7.43450 7.16160 6.86710 6.56370 6.26940 6.00300 5.78650 5.62830 5.54120 5.53470 5.62780 5.80570 6.05550 6.39050 6.84270 7.34350 7.84050 8.31740 8.73870 9.10900 9.42630 9.67500 9.84900 9.91730 9.81960 9.63680 9.43280 9.19820 8.94610 8.67330 8.38790
-10.4142 -10.4658 -10.5176 -10.5561 -10.6125 -10.7178 -10.8581 -11.0364 -11.2328 -11.4314 -11.6227 -11.8127 -11.9386 -11.9312 -11.8148 -11.6166 -11.2576 -10.6721 -9.84620 -8.71660 -7.36580 -5.84340 -4.18460 -2.39790 -0.61270 1.03900 2.55800 3.91740 5.06790 5.93740 6.56790 6.96180 7.16690 7.22200 7.15730 7.00890 6.79680 6.54760 6.27700 6.00290 5.74480 5.52380 5.35280 5.24760 5.22180 5.29720 5.46500 5.72650 6.07310 6.50990 6.99640 7.50040 8.00220 8.47490 8.90850 9.29020 9.60170 9.82690 9.94560 9.91100 9.78720 9.62500 9.41820 9.18090 8.90290 8.58050
-10.2011 -10.2115 -10.2148 -10.2155 -10.2207 -10.2339 -10.2715 -10.3658 -10.4728 -10.5555 -10.6250 -10.7026 -10.7197 -10.6018 -10.3876 -10.1113 -9.71300 -9.14800 -8.40410 -7.43190 -6.29790 -5.05290 -3.69440 -2.20080 -0.68030 0.77380 2.13730 3.36890 4.42700 5.24280 5.85570 6.27020 6.52170 6.64050 6.64680 6.56590 6.41340 6.20650 5.96580 5.71080 5.46160 5.23900 5.06080 4.94730 4.91220 4.97600 5.13770 5.41330 5.77190 6.19200 6.66100 7.16700 7.68640 8.20040 8.68410 9.11220 9.46700 9.72260 9.87790 9.91140 9.85930 9.75100 9.58520 9.37690 9.10720 8.75890
-9.94520 -9.91480 -9.86570 -9.81140 -9.74610 -9.65230 -9.57910 -9.59370 -9.62500 -9.61910 -9.59100 -9.55530 -9.45920 -9.24280 -8.94270 -8.57580 -8.14120 -7.66810 -7.08380 -6.30940 -5.39150 -4.34260 -3.18550 -1.92190 -0.62780 0.63030 1.82120 2.89920 3.84180 4.60530 5.20880 5.65000 5.94980 6.12410 6.18620 6.14720 6.02910 5.85030 5.63310 5.40110 5.16970 4.95510 4.77930 4.66540 4.62540 4.67780 4.82590 5.08860 5.43760 5.85650 6.32830 6.83780 7.36400 7.88790 8.38750 8.83950 9.22800 9.52980 9.74400 9.85610 9.88370 9.83880 9.72330 9.55240 9.29800 8.92610
-9.66210 -9.59110 -9.48990 -9.37600 -9.23750 -9.04540 -8.86950 -8.79820 -8.74640 -8.65440 -8.53360 -8.38540 -8.18080 -7.88250 -7.51760 -7.08400 -6.63200 -6.25290 -5.82110 -5.23300 -4.51330 -3.63360 -2.65070 -1.59870 -0.51810 0.55150 1.57350 2.49930 3.32510 4.03080 4.61660 5.07320 5.40890 5.62650 5.73380 5.73090 5.64360 5.48950 5.29340 5.08220 4.86830 4.66490 4.49610 4.38710 4.34730 4.39300 4.52920 4.77320 5.10560 5.52190 5.99550 6.50440 7.03060 7.55430 8.05950 8.52870 8.94610 9.29150 9.56140 9.74480 9.84470 9.85900 9.79270 9.66270 9.43120 9.04960
-9.37160 -9.26230 -9.11470 -8.94440 -8.74430 -8.49440 -8.24850 -8.07470 -7.90970 -7.71100 -7.48490 -7.22690 -6.92740 -6.56770 -6.17130 -5.74340 -5.32010 -4.97200 -4.60020 -4.12680 -3.55860 -2.85950 -2.08040 -1.25720 -0.39910 0.48860 1.35760 2.15790 2.88880 3.53620 4.09050 4.53500 4.87670 5.11580 5.25710 5.30090 5.26060 5.14010 4.96830 4.76950 4.56260 4.36710 4.20540 4.10380 4.06980 4.11900 4.25430 4.48890 4.80690 5.20360 5.65870 6.15610 6.67830 7.20800 7.72940 8.22890 8.68210 9.05960 9.36390 9.58860 9.73020 9.77900 9.74640 9.65730 9.46120 9.10120
-9.07970 -8.93570 -8.74730 -8.52570 -8.26980 -7.97240 -7.66380 -7.38240 -7.09670 -6.78760 -6.45600 -6.09430 -5.70980 -5.30010 -4.88600 -4.48530 -4.10410 -3.77190 -3.43630 -3.05980 -2.62760 -2.09920 -1.51420 -0.90410 -0.25280 0.46470 1.19020 1.87430 2.51560 3.10120 3.61600 4.03820 4.37520 4.62690 4.79500 4.88220 4.88610 4.79270 4.63940 4.45080 4.25110 4.06610 3.91470 3.82170 3.79420 3.84760 3.98160 4.20500 4.50570 4.87900 5.31190 5.79580 6.31280 6.84750 7.38350 7.90980 8.39450 8.80000 9.13260 9.38850 9.56090 9.63710 9.63130 9.57210 9.40420 9.07090
-8.79970 -8.62770 -8.40730 -8.14630 -7.84110 -7.48130 -7.09460 -6.70950 -6.31300 -5.90200 -5.47540 -5.02580 -4.56980 -4.11550 -3.68060 -3.28650 -2.93090 -2.62640 -2.34890 -2.09610 -1.81440 -1.43280 -1.00180 -0.55860 -0.072000 0.49700 1.08830 1.65310 2.19570 2.70990 3.17830 3.58130 3.91970 4.18930 4.38530 4.50610 4.53750 4.44470 4.28810 4.11210 3.92990 3.76490 3.63090 3.54650 3.52050 3.56800 3.68880 3.88870 4.16450 4.52020 4.94110 5.42070 5.93810 6.47490 7.01640 7.55070 8.05040 8.48400 8.85090 9.14300 9.35170 9.46380 9.48440 9.42570 9.25240 8.92460
-8.52920 -8.33250 -8.08460 -7.78830 -7.43690 -7.01580 -6.55170 -6.06500 -5.55930 -5.04590 -4.52310 -3.98480 -3.45690 -2.95830 -2.50390 -2.11770 -1.79060 -1.52310 -1.31010 -1.17480 -1.03320 -0.78990 -0.50240 -0.20950 0.12780 0.55370 1.01390 1.46720 1.91860 2.36580 2.78970 3.17220 3.50730 3.78620 3.99850 4.13720 4.18370 4.09210 3.93670 3.77480 3.61100 3.46630 3.34930 3.27150 3.24470 3.28470 3.39140 3.56820 3.82000 4.15820 4.56590 5.03770 5.55130 6.08780 6.63260 7.17230 7.68450 8.14590 8.54610 8.86960 9.10800 9.24980 9.28920 9.22030 9.03220 8.70610
-8.27690 -8.05710 -7.78210 -7.44600 -7.04660 -6.57510 -6.04610 -5.46420 -4.85040 -4.22710 -3.59470 -2.94580 -2.32560 -1.77360 -1.29960 -0.93510 -0.65450 -0.44250 -0.30040 -0.25000 -0.21480 -0.11320 0.017100 0.15230 0.33190 0.59860 0.91860 1.27620 1.65960 2.06000 2.45290 2.81390 3.13400 3.39860 3.59950 3.72590 3.77200 3.71340 3.59610 3.45190 3.29970 3.16770 3.05960 2.98310 2.95430 2.99310 3.09620 3.26520 3.50440 3.82260 4.20740 4.65420 5.14850 5.68110 6.23260 6.78940 7.32580 7.81810 8.24760 8.58830 8.83750 8.98650 9.02760 8.94930 8.75420 8.43670
-8.02350 -7.78050 -7.48050 -7.10800 -6.66470 -6.14720 -5.55590 -4.87590 -4.14980 -3.41500 -2.67230 -1.91390 -1.20260 -0.59600 -0.10120 0.24160 0.47340 0.62130 0.68630 0.65910 0.59690 0.55690 0.53000 0.51440 0.54540 0.66180 0.85140 1.12470 1.45100 1.81410 2.18180 2.51930 2.81860 3.06210 3.24360 3.34690 3.38430 3.35940 3.28290 3.15540 3.01230 2.88930 2.78610 2.70820 2.67490 2.70940 2.80630 2.96710 3.19320 3.48890 3.84750 4.26550 4.73760 5.26570 5.82440 6.39860 6.95860 7.47790 7.93240 8.28880 8.54770 8.70110 8.74210 8.65720 8.45830 8.14910
-7.75710 -7.49020 -7.16910 -6.77180 -6.29550 -5.73450 -5.07620 -4.27970 -3.42450 -2.57840 -1.73480 -0.88580 -0.10210 0.55000 1.06530 1.40290 1.60290 1.68860 1.66980 1.54860 1.37210 1.18070 0.99590 0.84370 0.75080 0.75510 0.84890 1.04890 1.31940 1.64310 1.98090 2.28900 2.56520 2.79730 2.97090 3.05900 3.08690 3.07230 3.01200 2.89560 2.76210 2.64800 2.55020 2.47200 2.43200 2.45050 2.52600 2.66330 2.86380 3.13120 3.46300 3.85810 4.31550 4.84440 5.41200 5.99870 6.57390 7.10750 7.57940 7.96230 8.24850 8.42310 8.47970 8.40110 8.20460 7.89660
-7.46430 -7.16880 -6.82530 -6.40560 -5.89930 -5.29370 -4.56780 -3.65880 -2.67980 -1.72660 -0.78780 0.13840 0.98430 1.68930 2.23390 2.56170 2.72170 2.73660 2.62900 2.41810 2.13750 1.81270 1.48830 1.21030 1.00070 0.89690 0.89890 1.03300 1.25770 1.55820 1.88060 2.16270 2.41410 2.63060 2.79090 2.86080 2.87440 2.85720 2.79990 2.69030 2.56350 2.45130 2.35140 2.26580 2.21260 2.20920 2.25880 2.36980 2.54340 2.78320 3.09000 3.46600 3.91080 4.43760 5.00820 5.59820 6.18000 6.72410 7.21260 7.62390 7.93970 8.13590 8.20820 8.13680 7.94380 7.63850
-7.12660 -6.79940 -6.43510 -5.99490 -5.46010 -4.80570 -4.01250 -3.01070 -1.92760 -0.86680 0.17120 1.16500 2.07380 2.87970 3.49260 3.77890 3.85030 3.76250 3.55020 3.26500 2.91280 2.50140 2.07710 1.67820 1.33620 1.08330 0.95570 1.01950 1.21660 1.54430 1.90240 2.17780 2.40700 2.59380 2.72260 2.76880 2.76320 2.73120 2.66490 2.55750 2.43180 2.30690 2.18750 2.07730 1.99840 1.97400 2.00440 2.09800 2.25480 2.47650 2.76680 3.13160 3.56650 4.08050 4.63820 5.21240 5.78750 6.35020 6.86640 7.30500 7.64300 7.84620 7.91730 7.83730 7.63850 7.34240
