data/area_fd.asc
ncols 259
nrows 304
xllcenter -54500
yllcenter 6099500
cellsize 1000.00
nodata_value  2145.10
[rows 58 to 86 of 304, columns 0 to 66 of 259]
2145.10 2145.10 2145.10 2145.10 2145.10 2145.10 2145.10 2145.10 3.40000 2.39000 1.53000 1.81000 3.35000 5.30000 7.13000 8.47000 9.03000 8.63000 7.35000 5.39000 3.47000 4.23000 8.25000 13.6000 18.9700 23.3600 25.9000 25.9500 23.1700 17.8800 12.1800 13.4100 23.0400 35.0000 46.5200 56.4000 64.2800 69.8300 72.3400 71.8700 69.8500 72.9300 85.2100 103.250 124.130 145.930 165.250 180.070 190.700 196.620 198.980 200.130 201.580 202.150 200.140 195.310 186.220 174.040 161.450 153.430 148.890 152.590 171.090 196.430 222.710 245.550 259.570
2145.10 2145.10 2145.10 2145.10 2145.10 2145.10 2145.10 2145.10 2.69000 2.20000 1.85000 1.80000 2.37000 3.51000 4.67000 5.59000 6.07000 5.99000 5.41000 4.52000 3.88000 3.88000 5.46000 8.77000 12.3000 15.4000 17.5200 18.4500 17.7900 15.9400 14.6400 15.6600 20.3200 27.9100 36.0100 43.6600 50.5600 56.9500 61.5000 64.0500 66.4500 69.7300 77.0100 90.1600 106.110 123.810 140.710 155.480 167.580 175.690 180.920 182.070 180.340 177.980 173.370 167.360 159.380 150.570 144.840 148.250 153.340 163.110 180.920 207.230 236.490 264.480 285.220
2145.10 2145.10 2145.10 2145.10 2145.10 2145.10 2145.10 2145.10 1.86000 1.69000 1.56000 1.50000 1.50000 1.47000 2.22000 2.87000 3.30000 3.42000 3.26000 3.24000 3.16000 3.16000 3.24000 3.26000 5.64000 7.85000 9.59000 11.1200 11.7500 12.4700 13.1200 14.3800 16.6100 19.6100 25.3900 31.1500 36.6300 43.1100 48.2300 54.0700 58.6500 62.6900 67.2800 73.3500 86.2600 100.500 114.510 127.930 138.650 148.010 153.730 155.160 152.670 147.510 143.340 137.430 130.650 124.230 129.670 142.630 155.490 170.850 192.110 221.050 256.800 292.410 322.960
2145.10 2145.10 2145.10 2145.10 2145.10 2145.10 2145.10 2145.10 0.86000 0.88000 0.86000 0.82000 0.76000 0.66000 0.50000 0.26000 0.59000 1.12000 1.46000 1.63000 1.70000 1.70000 1.63000 1.46000 1.12000 0.59000 1.80000 4.25000 6.16000 7.61000 8.85000 10.1900 11.8400 13.8400 16.1400 18.4300 22.3700 30.2000 36.9500 42.6000 47.3300 51.6100 56.1100 61.4900 68.2000 75.5300 86.3100 98.8900 108.830 116.360 121.020 122.530 121.130 117.480 112.280 105.050 99.5900 102.930 119.050 135.400 152.940 173.890 201.060 236.640 280.880 328.130 372.770
2145.10 2145.10 2145.10 2145.10 2145.10 2145.10 2145.10 2145.10 0.00000 0.00000 0.00000 0.00000 0.00000 0.00000 0.00000 0.00000 0.00000 0.00000 0.00000 0.00000 0.00000 0.00000 0.00000 0.00000 0.00000 0.00000 0.00000 0.57000 1.46000 2.38000 3.41000 4.68000 6.33000 8.49000 11.2000 14.2500 17.2100 21.5100 26.1800 30.3700 34.2800 38.3200 42.9700 48.6400 55.4900 62.7400 69.2500 75.3300 80.3400 84.0900 86.6100 88.0400 88.5300 88.2500 87.3100 85.3000 82.1300 90.9500 107.070 124.430 144.610 170.210 204.290 249.340 306.210 370.520 433.710
2145.10 2145.10 2145.10 2145.10 2145.10 2145.10 2145.10 2145.10 0.00000 0.00000 0.00000 0.00000 0.00000 0.00000 0.00000 0.00000 0.00000 0.00000 0.00000 0.00000 0.00000 0.00000 0.00000 0.00000 0.00000 0.00000 0.00000 0.20000 1.01000 1.81000 2.68000 3.73000 5.12000 6.94000 9.19000 11.6300 13.8000 15.9700 19.3900 22.3100 25.1700 28.5400 32.8800 38.3300 44.6900 50.9600 55.7200 58.5700 60.7100 61.7600 62.5100 63.6900 65.4900 67.3800 68.6900 68.8200 68.0700 83.9100 100.340 117.180 137.230 164.730 204.030 258.230 328.570 411.690 501.360
2145.10 2145.10 2145.10 2145.10 2145.10 2145.10 2145.10 2145.10 0.00000 0.00000 0.00000 0.00000 0.00000 0.00000 0.00000 0.00000 0.00000 0.00000 0.00000 0.00000 0.00000 0.00000 0.00000 0.00000 0.00000 0.00000 0.00000 0.00000 0.54000 1.17000 1.81000 2.60000 3.73000 5.26000 7.08000 8.94000 10.4700 11.3800 13.3100 15.0200 16.6900 19.2200 23.1800 28.4100 34.0100 39.0400 42.4100 43.4500 43.4500 42.2300 41.3000 42.1900 45.1000 48.7700 53.6800 57.0900 61.1700 77.5600 92.0700 104.780 120.520 146.810 190.670 255.450 348.700 458.250 573.730
2145.10 2145.10 2145.10 2145.10 2145.10 2145.10 2145.10 2145.10 0.00000 0.00000 0.00000 0.00000 0.00000 0.00000 0.00000 0.00000 0.00000 0.00000 0.00000 0.00000 0.00000 0.00000 0.00000 0.00000 0.00000 0.00000 0.00000 0.00000 0.11000 0.60000 0.99000 1.50000 2.40000 3.70000 5.21000 6.70000 7.79000 8.22000 8.29000 9.01000 9.47000 11.1200 14.7900 19.7700 24.8600 29.2000 31.6000 31.4600 29.3100 26.3800 23.7700 24.3500 29.3700 36.7700 43.7300 48.6000 56.3800 71.5500 81.8300 87.2800 93.3300 114.810 167.740 254.010 365.490 496.230 636.020
2145.10 2145.10 2145.10 2145.10 2145.10 2145.10 2145.10 0.00000 0.00000 0.00000 0.00000 0.00000 0.00000 0.00000 0.00000 0.00000 0.00000 0.00000 0.00000 0.00000 0.00000 0.00000 0.00000 0.00000 0.00000 0.00000 0.00000 0.00000 0.00000 0.18000 0.36000 0.63000 1.38000 2.49000 3.75000 4.95000 5.76000 5.91000 5.38000 4.75000 4.00000 4.84000 8.58000 13.3200 17.9000 21.5800 23.3500 22.6500 19.6600 15.1200 10.4800 11.5500 19.3700 28.8100 37.3700 43.4700 53.5400 67.5900 73.5100 68.5400 56.5200 73.1700 142.910 247.990 378.210 527.580 686.280
2145.10 2145.10 2145.10 2145.10 2145.10 2145.10 2145.10 0.00000 0.00000 0.00000 0.00000 0.00000 0.00000 0.00000 0.00000 0.00000 0.00000 0.00000 0.00000 0.00000 0.00000 0.00000 0.00000 0.00000 0.00000 0.00000 0.00000 0.00000 0.00000 0.00000 0.070000 0.18000 0.79000 1.68000 2.68000 3.62000 4.24000 4.32000 3.81000 2.69000 1.23000 1.57000 5.22000 9.17000 12.8800 15.8200 17.1700 16.4900 13.8600 9.38000 3.92000 4.64000 14.7600 25.2100 34.6300 41.7000 53.1100 67.1300 71.2100 59.9700 28.8100 37.7900 133.340 254.190 397.000 557.220 724.760
2145.10 2145.10 2145.10 2145.10 2145.10 2145.10 2145.10 0.00000 0.00000 0.00000 0.00000 0.00000 0.00000 0.00000 0.00000 0.00000 0.00000 0.00000 0.00000 0.00000 0.00000 0.00000 0.00000 0.00000 0.00000 0.00000 0.00000 0.00000 0.00000 0.00000 0.00000 0.14000 0.51000 1.12000 1.86000 2.58000 3.08000 3.20000 2.93000 2.28000 1.55000 1.99000 3.92000 6.52000 9.14000 11.3100 12.4000 12.0900 10.4700 8.80000 7.14000 8.78000 16.1400 25.7700 35.3600 43.2500 55.3800 71.0900 77.7700 76.4100 67.5800 87.4600 168.250 287.010 429.960 589.970 754.430
2145.10 2145.10 2145.10 2145.10 2145.10 2145.10 2145.10 2145.10 0.00000 0.00000 0.00000 0.00000 0.00000 0.00000 0.00000 0.00000 0.00000 0.00000 0.00000 0.00000 0.00000 0.00000 0.00000 0.00000 0.00000 0.00000 0.00000 0.00000 0.00000 0.00000 0.00000 0.00000 0.17000 0.60000 1.13000 1.68000 2.09000 2.29000 2.25000 2.03000 1.80000 1.80000 2.57000 4.18000 5.91000 7.45000 8.37000 8.45000 8.40000 10.0100 11.3300 14.2500 20.4000 29.3600 39.1300 48.0600 60.3700 79.3700 94.3600 111.310 126.390 161.050 233.540 342.750 477.200 628.280 780.780
2145.10 2145.10 2145.10 2145.10 2145.10 2145.10 2145.10 2145.10 2145.10 0.00000 0.00000 0.00000 0.00000 0.00000 0.00000 0.00000 0.00000 0.00000 0.00000 0.00000 0.00000 0.00000 0.00000 0.00000 0.00000 0.00000 0.00000 0.00000 0.00000 0.00000 0.00000 0.00000 0.00000 0.00000 0.40000 0.82000 1.18000 1.42000 1.52000 1.50000 1.47000 1.47000 1.50000 1.52000 2.69000 3.79000 4.59000 4.93000 7.86000 11.4400 14.9000 19.3600 25.8400 34.5400 45.3400 55.9600 67.9000 91.2400 122.640 153.400 185.750 232.200 304.340 406.530 532.770 672.030 809.530
2145.10 2145.10 2145.10 2145.10 2145.10 2145.10 2145.10 2145.10 2145.10 2145.10 0.00000 0.00000 0.00000 0.00000 0.00000 0.00000 0.00000 0.00000 0.00000 0.00000 0.00000 0.00000 0.00000 0.00000 0.00000 0.00000 0.00000 0.00000 0.00000 0.00000 0.00000 0.00000 0.00000 0.00000 0.00000 0.00000 0.28000 0.52000 0.68000 0.76000 0.79000 0.79000 0.76000 0.68000 0.52000 0.28000 0.88000 2.81000 7.87000 12.6500 17.6300 23.5800 31.3100 41.3200 53.5300 66.5200 78.4600 111.100 155.140 196.680 240.660 295.030 367.820 464.160 584.900 718.590 843.780
2145.10 2145.10 2145.10 2145.10 2145.10 2145.10 2145.10 2145.10 2145.10 2145.10 2145.10 2145.10 0.00000 0.00000 0.00000 0.00000 0.00000 0.00000 0.00000 0.00000 0.00000 0.00000 0.00000 0.00000 0.00000 0.00000 0.00000 0.00000 0.00000 0.00000 0.00000 0.00000 0.00000 0.00000 0.00000 0.00000 0.00000 0.00000 0.00000 0.00000 0.00000 0.00000 0.00000 0.00000 0.00000 0.00000 0.00000 3.20000 8.23000 13.4400 19.2600 26.3900 35.7100 47.9000 63.2100 80.4100 97.1400 137.050 188.150 237.350 287.940 345.790 417.780 509.590 623.420 748.750 867.630
2145.10 2145.10 2145.10 2145.10 2145.10 2145.10 2145.10 2145.10 2145.10 2145.10 2145.10 2145.10 2145.10 0.00000 0.00000 0.00000 0.00000 0.00000 0.00000 0.00000 0.00000 0.00000 0.00000 0.00000 0.00000 0.00000 0.00000 0.00000 0.00000 0.00000 0.00000 0.00000 0.00000 0.00000 0.00000 0.00000 0.00000 0.00000 0.00000 0.00000 0.00000 0.00000 0.00000 0.00000 0.00000 0.00000 0.66000 6.12000 11.5900 16.9900 22.9500 30.5100 40.8500 54.9300 73.2200 94.5500 119.170 166.780 223.840 276.610 327.580 382.670 450.060 537.240 647.850 771.830 891.820
2145.10 2145.10 2145.10 2145.10 2145.10 2145.10 2145.10 2145.10 2145.10 2145.10 2145.10 2145.10 2145.10 2145.10 0.00000 0.00000 0.00000 0.00000 0.00000 0.00000 0.00000 0.00000 0.00000 0.00000 0.00000 0.00000 0.00000 0.00000 0.00000 0.00000 0.00000 0.00000 0.00000 0.00000 0.00000 0.00000 0.00000 0.00000 0.00000 0.00000 0.00000 0.00000 0.00000 0.00000 0.96000 1.97000 3.79000 9.34000 14.3700 18.8300 23.7400 30.8900 42.1700 58.7200 84.5400 114.510 149.650 199.850 256.660 308.540 354.430 402.080 463.450 548.390 659.450 785.530 910.770
2145.10 2145.10 2145.10 2145.10 2145.10 2145.10 2145.10 2145.10 2145.10 2145.10 2145.10 2145.10 0.00000 0.00000 0.00000 0.00000 0.00000 0.00000 0.00000 0.00000 0.00000 0.00000 0.00000 0.00000 0.00000 0.00000 0.00000 0.00000 0.00000 0.00000 0.00000 0.00000 0.00000 0.00000 0.00000 0.00000 0.00000 0.00000 0.00000 0.00000 0.00000 0.00000 0.41000 1.45000 2.73000 4.03000 6.75000 11.9000 15.9100 18.4400 20.8200 26.6100 40.8900 64.9800 95.8400 131.860 176.300 230.990 282.620 331.490 368.090 404.030 460.190 547.480 659.970 793.210 927.450
2145.10 2145.10 2145.10 2145.10 2145.10 2145.10 2145.10 2145.10 2145.10 2145.10 2145.10 2145.10 0.00000 0.00000 0.00000 0.00000 0.00000 0.00000 0.00000 0.00000 0.00000 0.00000 0.00000 0.00000 0.00000 0.00000 0.00000 0.00000 0.00000 0.00000 0.00000 0.00000 0.00000 0.00000 0.00000 0.00000 0.00000 0.00000 0.00000 0.00000 0.00000 0.33000 1.23000 2.70000 4.47000 6.19000 9.51000 14.2100 16.8500 16.4600 13.9300 19.0100 38.7200 68.5800 105.380 147.150 198.270 255.730 305.690 345.430 368.760 391.080 447.290 538.540 657.060 797.330 939.490
2145.10 2145.10 2145.10 2145.10 2145.10 2145.10 2145.10 2145.10 2145.10 2145.10 2145.10 2145.10 0.00000 0.00000 0.00000 0.00000 0.00000 0.00000 0.00000 0.00000 0.00000 0.00000 0.00000 0.00000 0.00000 0.00000 0.00000 0.00000 0.00000 0.00000 0.00000 0.00000 0.00000 0.00000 0.00000 0.00000 0.00000 0.00000 0.00000 0.00000 0.17000 0.42000 1.91000 4.03000 6.44000 8.71000 12.4300 16.9100 18.6200 16.0000 8.04000 10.9300 39.1700 74.8700 116.580 162.360 216.670 274.640 322.770 354.510 364.150 374.790 441.040 536.790 658.450 800.440 944.090
2145.10 2145.10 2145.10 2145.10 2145.10 2145.10 2145.10 2145.10 2145.10 2145.10 2145.10 0.00000 0.00000 0.00000 0.00000 0.00000 0.00000 0.00000 0.00000 0.00000 0.00000 0.00000 0.00000 0.00000 0.00000 0.00000 0.00000 0.00000 0.00000 0.00000 0.00000 0.00000 0.00000 0.00000 0.00000 0.00000 0.00000 0.00000 0.00000 0.42000 0.87000 1.50000 3.31000 5.98000 9.02000 11.9000 15.9600 20.7300 22.7400 22.9700 21.0200 27.4900 52.7700 89.4600 132.720 179.710 233.460 290.110 335.910 366.730 380.680 401.480 460.380 552.430 668.770 804.080 939.940
2145.10 2145.10 2145.10 2145.10 2145.10 2145.10 2145.10 2145.10 2145.10 2145.10 2145.10 0.00000 0.00000 0.00000 0.00000 0.00000 0.00000 0.00000 0.00000 0.00000 0.00000 0.00000 0.00000 0.00000 0.00000 0.00000 0.00000 0.00000 0.00000 0.00000 0.00000 0.00000 0.00000 0.00000 0.00000 0.00000 0.00000 0.00000 0.26000 1.43000 2.37000 3.62000 5.78000 8.89000 12.5200 16.1000 20.4500 26.1500 30.7800 37.2100 42.5000 53.9800 77.6700 112.720 154.890 200.790 251.040 305.940 351.620 387.010 411.810 441.550 496.090 580.680 686.110 807.790 928.120
2145.10 2145.10 2145.10 2145.10 2145.10 2145.10 2145.10 2145.10 2145.10 2145.10 2145.10 2145.10 0.00000 0.00000 0.00000 0.00000 0.00000 0.00000 0.00000 0.00000 0.00000 0.00000 0.00000 0.00000 0.00000 0.00000 0.00000 0.00000 0.00000 0.00000 0.00000 0.00000 0.00000 0.00000 0.00000 0.00000 0.00000 0.00000 1.29000 2.82000 4.35000 6.25000 8.96000 12.6500 17.0200 21.4800 26.1300 33.2900 44.4700 55.2100 66.3200 82.1700 106.610 140.800 181.970 226.140 271.350 325.470 374.980 413.600 447.150 485.320 537.940 610.100 705.020 809.970 911.090
2145.10 2145.10 2145.10 2145.10 2145.10 2145.10 2145.10 2145.10 2145.10 2145.10 2145.10 2145.10 0.00000 0.00000 0.00000 0.00000 0.00000 0.00000 0.00000 0.00000 0.00000 0.00000 0.00000 0.00000 0.00000 0.00000 0.00000 0.00000 0.00000 0.00000 0.00000 0.00000 0.00000 0.00000 0.00000 0.00000 0.00000 0.49000 2.43000 4.36000 6.43000 8.97000 12.3000 16.6800 22.0900 27.9500 33.1600 43.9100 59.9000 74.8100 90.4200 109.570 135.020 168.420 209.830 254.920 295.800 349.600 401.000 444.870 484.900 527.360 578.720 643.410 723.030 809.170 890.260
2145.10 2145.10 2145.10 2145.10 2145.10 2145.10 2145.10 2145.10 2145.10 2145.10 2145.10 2145.10 0.00000 0.00000 0.00000 0.00000 0.00000 0.00000 0.00000 0.00000 0.00000 0.00000 0.00000 0.00000 0.00000 0.00000 0.00000 0.00000 0.00000 0.00000 0.00000 0.00000 0.00000 0.00000 0.00000 0.00000 0.00000 1.36000 3.51000 5.73000 8.20000 11.2400 15.2100 20.4000 26.9200 34.2400 41.3700 56.7600 75.9800 94.3200 112.940 133.980 159.960 192.920 233.690 278.420 320.630 375.050 431.100 479.880 523.480 566.180 613.060 668.380 734.060 801.610 859.510
2145.10 2145.10 2145.10 2145.10 2145.10 2145.10 2145.10 2145.10 2145.10 2145.10 2145.10 2145.10 0.00000 0.00000 0.00000 0.00000 0.00000 0.00000 0.00000 0.00000 0.00000 0.00000 0.00000 0.00000 0.00000 0.00000 0.00000 0.00000 0.00000 0.00000 0.00000 0.00000 0.00000 0.00000 0.00000 0.00000 0.00000 2.07000 4.24000 6.46000 8.97000 12.1900 16.6200 22.7000 30.6500 39.9800 49.6000 68.7600 90.1900 110.140 129.390 150.070 175.280 208.090 250.210 298.150 354.110 415.900 480.060 533.370 577.210 615.550 653.880 697.090 747.310 795.010 831.750
2145.10 2145.10 2145.10 2145.10 2145.10 2145.10 2145.10 2145.10 2145.10 2145.10 2145.10 2145.10 0.00000 0.00000 0.00000 0.00000 0.00000 0.00000 0.00000 0.00000 0.00000 0.00000 0.00000 0.00000 0.00000 0.00000 0.00000 0.00000 0.00000 0.00000 0.00000 0.00000 0.00000 0.00000 0.00000 0.00000 0.41000 2.53000 4.57000 6.48000 8.61000 11.6500 16.4200 23.4600 32.9000 44.1600 58.1100 79.5700 102.470 122.910 140.990 159.370 182.780 215.550 271.910 336.340 402.470 468.840 535.260 587.980 627.650 658.930 689.400 725.040 764.090 798.980 824.640
2145.10 2145.10 2145.10 2145.10 2145.10 2145.10 2145.10 2145.10 2145.10 2145.10 2145.10 2145.10 0.00000 0.00000 0.00000 0.00000 0.00000 0.00000 0.00000 0.00000 0.00000 0.00000 0.00000 0.00000 0.00000 0.00000 0.00000 0.00000 0.00000 0.00000 0.00000 0.00000 0.00000 0.00000 0.00000 0.00000 0.73000 2.73000 4.47000 5.78000 7.02000 9.49000 14.6400 22.8600 33.7600 47.0400 64.8800 88.5100 111.340 132.180 147.860 162.060 188.610 236.150 298.200 371.170 446.950 519.000 581.760 634.980 669.010 691.380 715.220 746.180 776.630 805.380 823.910
2145.10 2145.10 2145.10 2145.10 2145.10 2145.10 2145.10 2145.10 2145.10 2145.10 2145.10 2145.10 2145.10 0.00000 0.00000 0.00000 0.00000 0.00000 0.00000 0.00000 0.00000 0.00000 0.00000 0.00000 0.00000 0.00000 0.00000 0.00000 0.00000 0.00000 0.00000 0.00000 0.00000 0.00000 0.00000 0.00000 0.90000 2.78000 4.18000 4.68000 4.34000 5.94000 12.0200 21.5400 33.8700 48.8000 69.2800 94.5300 118.130 137.870 150.470 163.900 195.590 249.540 320.810 403.470 487.800 563.680 624.570 668.740 693.000 706.670 730.510 761.620 791.230 816.440 829.050
