data/area_fd.asc
ncols 259
nrows 304
xllcenter -54500
yllcenter 6099500
cellsize 1000.00
nodata_value  2145.10
[rows 87 to 115 of 304, columns 0 to 66 of 259]
2145.10 2145.10 2145.10 2145.10 2145.10 2145.10 2145.10 2145.10 2145.10 2145.10 2145.10 2145.10 2145.10 0.00000 0.00000 0.00000 0.00000 0.00000 0.00000 0.00000 0.00000 0.00000 0.00000 0.00000 0.00000 0.00000 0.00000 0.00000 0.00000 0.00000 0.00000 0.00000 0.00000 0.00000 0.00000 0.00000 0.96000 2.78000 4.03000 4.07000 2.11000 2.89000 10.6300 21.0100 34.0800 49.7400 71.2200 97.0700 121.090 140.210 153.270 161.060 201.580 264.890 345.960 437.290 527.590 604.500 661.310 693.330 699.580 706.010 744.070 780.940 812.420 834.630 841.110
2145.10 2145.10 2145.10 2145.10 2145.10 2145.10 2145.10 2145.10 2145.10 2145.10 2145.10 2145.10 2145.10 0.00000 0.00000 0.00000 0.00000 0.00000 0.00000 0.00000 0.00000 0.00000 0.00000 0.00000 0.00000 0.00000 0.00000 0.00000 0.00000 0.00000 0.00000 0.00000 0.00000 0.00000 0.00000 0.00000 0.90000 2.78000 4.18000 4.77000 4.53000 6.19000 12.4700 22.2500 34.8600 50.0400 70.6800 95.9500 119.410 144.260 162.220 179.510 222.920 292.490 380.070 477.440 570.980 647.570 700.140 724.700 727.360 739.080 775.910 816.190 845.970 863.050 861.730
2145.10 2145.10 2145.10 2145.10 2145.10 2145.10 2145.10 2145.10 2145.10 2145.10 2145.10 2145.10 2145.10 0.00000 0.00000 0.00000 0.00000 0.00000 0.00000 0.00000 0.00000 0.00000 0.00000 0.00000 0.00000 0.00000 0.00000 0.00000 0.00000 0.00000 0.00000 0.00000 0.00000 0.00000 0.00000 0.00000 0.73000 2.73000 4.53000 6.09000 7.54000 10.2700 15.8000 24.4800 35.8800 49.6700 67.8500 91.6100 117.610 153.070 180.380 210.390 259.550 333.760 425.820 527.640 623.740 702.200 755.740 782.520 792.840 807.240 837.530 874.130 897.080 904.820 892.620
2145.10 2145.10 2145.10 2145.10 2145.10 2145.10 2145.10 2145.10 2145.10 2145.10 2145.10 2145.10 2145.10 0.00000 0.00000 0.00000 0.00000 0.00000 0.00000 0.00000 0.00000 0.00000 0.00000 0.00000 0.00000 0.00000 0.00000 0.00000 0.00000 0.00000 0.00000 0.00000 0.00000 0.00000 0.00000 0.00000 0.41000 2.53000 4.85000 7.09000 9.56000 13.0100 18.3700 26.2000 36.3900 48.4000 62.9700 84.7700 124.090 163.900 201.190 243.750 301.740 381.610 481.340 589.360 690.700 776.810 837.980 870.780 890.540 909.650 932.900 954.970 969.150 962.160 934.560
2145.10 2145.10 2145.10 2145.10 2145.10 2145.10 2145.10 2145.10 2145.10 2145.10 2145.10 2145.10 2145.10 0.00000 0.00000 0.00000 0.00000 0.00000 0.00000 0.00000 0.00000 0.00000 0.00000 0.00000 0.00000 0.00000 0.00000 0.00000 0.00000 0.00000 0.00000 0.00000 0.00000 0.00000 0.00000 0.00000 0.00000 2.18000 4.77000 7.41000 10.3700 14.1400 19.3000 26.3300 35.4500 46.0600 56.6700 82.6900 129.160 173.770 219.460 272.350 339.950 428.210 538.770 660.590 773.370 869.800 941.570 990.730 1022.86 1044.96 1060.33 1067.32 1062.81 1035.18 985.990
2145.10 2145.10 2145.10 2145.10 2145.10 2145.10 2145.10 2145.10 2145.10 2145.10 2145.10 2145.10 2145.10 0.00000 0.00000 0.00000 0.00000 0.00000 0.00000 0.00000 0.00000 0.00000 0.00000 0.00000 0.00000 0.00000 0.00000 0.00000 0.00000 0.00000 0.00000 0.00000 0.00000 0.00000 0.00000 0.00000 0.00000 1.66000 4.27000 6.97000 9.98000 13.6800 18.5100 24.8300 32.7700 41.6900 50.3600 84.3600 131.810 178.990 229.400 289.100 365.180 463.510 586.240 722.760 854.010 974.200 1071.19 1142.91 1189.30 1212.53 1215.35 1200.25 1169.47 1115.63 1038.81
2145.10 2145.10 2145.10 2145.10 2145.10 2145.10 2145.10 2145.10 2145.10 2145.10 2145.10 2145.10 2145.10 0.00000 0.00000 0.00000 0.00000 0.00000 0.00000 0.00000 0.00000 0.00000 0.00000 0.00000 0.00000 0.00000 0.00000 0.00000 0.00000 0.00000 0.00000 0.00000 0.00000 0.00000 0.00000 0.00000 0.00000 0.94000 3.35000 5.76000 8.38000 11.6200 15.9200 21.6100 28.7500 36.6400 43.9100 82.8600 127.910 172.160 220.270 280.340 361.560 471.130 612.100 774.000 934.390 1081.06 1205.23 1300.88 1361.34 1383.18 1369.63 1329.37 1271.41 1191.61 1090.59
2145.10 2145.10 2145.10 2145.10 2145.10 2145.10 2145.10 2145.10 2145.10 2145.10 2145.10 2145.10 2145.10 0.00000 0.00000 0.00000 0.00000 0.00000 0.00000 0.00000 0.00000 0.00000 0.00000 0.00000 0.00000 0.00000 0.00000 0.00000 0.00000 0.00000 0.00000 0.00000 0.00000 0.00000 0.00000 0.00000 0.090000 0.55000 2.28000 4.23000 6.22000 8.78000 12.5200 17.7500 24.1200 30.9900 43.4200 80.0300 119.440 156.260 195.490 250.030 334.020 455.890 613.770 797.500 990.270 1177.85 1346.51 1474.52 1554.40 1573.07 1535.18 1460.62 1361.44 1245.74 1118.56
2145.10 2145.10 2145.10 2145.10 2145.10 2145.10 2145.10 2145.10 2145.10 2145.10 2145.10 2145.10 2145.10 0.00000 0.00000 0.00000 0.00000 0.00000 0.00000 0.00000 0.00000 0.00000 0.00000 0.00000 0.00000 0.00000 0.00000 0.00000 0.00000 0.00000 0.00000 0.00000 0.00000 0.00000 0.00000 0.00000 0.16000 0.60000 1.24000 2.70000 3.90000 5.68000 8.94000 13.7900 19.7300 26.1300 42.8900 77.0700 106.990 132.670 155.490 198.330 285.310 421.130 597.310 807.590 1033.25 1256.98 1470.66 1650.81 1766.36 1780.30 1702.55 1579.80 1434.40 1287.45 1134.43
2145.10 2145.10 2145.10 2145.10 2145.10 2145.10 2145.10 2145.10 2145.10 2145.10 2145.10 2145.10 2145.10 2145.10 2145.10 2145.10 2145.10 2145.10 2145.10 2145.10 2145.10 2145.10 2145.10 2145.10 2145.10 2145.10 2145.10 2145.10 2145.10 0.00000 0.00000 0.00000 0.00000 0.00000 0.00000 0.00000 0.20000 0.62000 0.93000 1.45000 1.82000 2.78000 5.86000 10.5300 16.1700 22.2200 41.2500 73.4400 97.1000 107.250 104.000 130.400 229.060 381.470 575.850 807.190 1058.40 1312.00 1565.40 1802.61 1985.42 1995.52 1847.42 1666.82 1484.95 1313.13 1140.51
2145.10 2145.10 2145.10 2145.10 2145.10 2145.10 2145.10 2145.10 2145.10 2145.10 2145.10 2145.10 2145.10 2145.10 2145.10 2145.10 2145.10 2145.10 2145.10 2145.10 2145.10 2145.10 2145.10 2145.10 2145.10 2145.10 2145.10 2145.10 2145.10 0.00000 0.00000 0.00000 0.00000 0.00000 0.00000 0.00000 0.22000 0.63000 0.90000 0.89000 0.62000 1.03000 4.13000 8.40000 13.5400 19.1000 38.6200 70.0600 91.7000 93.8100 65.1900 77.7600 198.340 359.450 560.630 799.200 1059.84 1325.78 1597.45 1870.67 2139.76 2145.00 1912.38 1696.81 1499.69 1318.43 1139.15
2145.10 2145.10 2145.10 2145.10 2145.10 2145.10 2145.10 2145.10 2145.10 2145.10 2145.10 2145.10 2145.10 2145.10 2145.10 2145.10 2145.10 2145.10 2145.10 2145.10 2145.10 2145.10 2145.10 2145.10 2145.10 2145.10 2145.10 2145.10 2145.10 0.00000 0.00000 0.00000 0.00000 0.00000 0.00000 0.00000 0.21000 0.64000 0.95000 1.04000 0.95000 1.61000 3.80000 7.25000 11.6200 16.5100 34.8000 66.9200 91.2200 101.450 98.3600 123.880 218.470 366.060 556.110 784.150 1033.96 1288.49 1545.01 1787.73 1976.21 1986.95 1836.06 1653.42 1471.15 1300.88 1131.23
2145.10 2145.10 2145.10 2145.10 2145.10 2145.10 2145.10 2145.10 2145.10 2145.10 2145.10 2145.10 2145.10 2145.10 2145.10 2145.10 2145.10 2145.10 2145.10 2145.10 2145.10 2145.10 2145.10 2145.10 2145.10 2145.10 2145.10 2145.10 2145.10 2145.10 0.00000 0.00000 0.00000 0.00000 0.00000 0.00000 0.18000 0.65000 1.03000 1.31000 1.56000 2.09000 3.60000 6.36000 9.93000 14.0600 29.1900 62.8300 92.5500 116.300 137.760 176.990 257.490 385.810 554.600 758.800 981.360 1205.79 1423.74 1611.57 1733.95 1750.54 1671.72 1548.22 1404.12 1261.33 1114.88
2145.10 2145.10 2145.10 2145.10 2145.10 2145.10 2145.10 2145.10 2145.10 2145.10 2145.10 2145.10 2145.10 2145.10 2145.10 2145.10 2145.10 2145.10 2145.10 2145.10 2145.10 2145.10 2145.10 2145.10 2145.10 2145.10 2145.10 2145.10 2145.10 2145.10 2145.10 2145.10 0.00000 0.00000 0.00000 0.00000 0.10000 0.62000 1.08000 1.50000 1.95000 2.61000 3.64000 5.14000 8.06000 11.4700 21.0800 56.0800 91.4800 124.590 160.160 209.170 284.520 394.910 543.130 718.420 905.830 1092.17 1264.92 1400.56 1487.13 1509.86 1474.32 1403.28 1310.06 1202.96 1087.17
2145.10 2145.10 2145.10 2145.10 2145.10 2145.10 2145.10 2145.10 2145.10 2145.10 2145.10 2145.10 2145.10 2145.10 2145.10 2145.10 2145.10 2145.10 2145.10 2145.10 2145.10 2145.10 2145.10 2145.10 2145.10 2145.10 2145.10 2145.10 2145.10 2145.10 2145.10 2145.10 2145.10 0.00000 0.00000 0.00000 0.00000 0.53000 1.04000 1.53000 2.07000 2.77000 3.72000 5.01000 6.68000 8.69000 11.4100 45.8800 83.6500 121.610 163.530 216.240 287.910 385.460 512.330 660.250 811.980 956.160 1083.19 1183.40 1249.13 1276.38 1269.12 1237.74 1192.62 1128.86 1046.21
2145.10 2145.10 2145.10 2145.10 2145.10 2145.10 2145.10 2145.10 2145.10 2145.10 2145.10 2145.10 2145.10 2145.10 2145.10 2145.10 2145.10 2145.10 2145.10 2145.10 2145.10 2145.10 2145.10 2145.10 2145.10 2145.10 2145.10 2145.10 2145.10 2145.10 2145.10 2145.10 2145.10 0.00000 0.00000 0.00000 0.00000 0.36000 0.88000 1.38000 1.93000 2.58000 3.44000 4.54000 5.90000 7.44000 8.99000 33.0700 69.9100 107.670 149.390 200.250 266.300 352.510 460.660 581.860 699.530 811.260 904.490 975.260 1024.10 1053.81 1067.95 1069.60 1061.08 1034.24 986.220
2145.10 2145.10 2145.10 2145.10 2145.10 2145.10 2145.10 2145.10 2145.10 2145.10 2145.10 2145.10 2145.10 2145.10 2145.10 2145.10 2145.10 2145.10 2145.10 2145.10 2145.10 2145.10 2145.10 2145.10 2145.10 2145.10 2145.10 2145.10 2145.10 2145.10 2145.10 2145.10 2145.10 2145.10 0.00000 0.00000 0.00000 0.13000 0.63000 1.08000 1.54000 2.10000 2.83000 3.77000 4.91000 6.10000 7.21000 18.8000 52.1000 85.0300 120.550 164.080 221.680 297.490 391.820 494.920 588.070 670.390 731.750 773.840 804.660 833.640 865.130 896.900 924.410 935.230 919.720
2145.10 2145.10 2145.10 2145.10 2145.10 2145.10 2145.10 2145.10 2145.10 2145.10 2145.10 2145.10 2145.10 2145.10 2145.10 2145.10 2145.10 2145.10 2145.10 2145.10 2145.10 2145.10 2145.10 2145.10 2145.10 2145.10 2145.10 2145.10 2145.10 2145.10 2145.10 2145.10 2145.10 2145.10 2145.10 0.00000 0.00000 0.00000 0.34000 0.71000 1.05000 1.48000 2.09000 2.91000 3.85000 4.77000 6.23000 10.2200 33.0500 59.2100 85.5400 119.260 168.170 235.680 316.810 402.000 479.090 543.460 585.130 603.700 616.980 642.580 687.040 742.440 791.310 824.790 838.960
2145.10 2145.10 2145.10 2145.10 2145.10 2145.10 2145.10 2145.10 2145.10 2145.10 2145.10 2145.10 2145.10 2145.10 2145.10 2145.10 2145.10 2145.10 2145.10 2145.10 2145.10 2145.10 2145.10 2145.10 2145.10 2145.10 2145.10 2145.10 2145.10 2145.10 2145.10 2145.10 2145.10 2145.10 2145.10 2145.10 0.00000 0.00000 0.070000 0.36000 0.57000 0.85000 1.35000 2.07000 2.88000 3.64000 5.44000 9.00000 15.6600 35.0400 50.7400 73.5800 114.990 175.720 248.190 323.560 390.930 441.680 466.580 468.570 463.650 483.330 538.530 610.090 676.220 731.620 769.620
2145.10 2145.10 2145.10 2145.10 2145.10 2145.10 2145.10 2145.10 2145.10 2145.10 2145.10 2145.10 2145.10 2145.10 2145.10 2145.10 2145.10 2145.10 2145.10 2145.10 2145.10 2145.10 2145.10 2145.10 2145.10 2145.10 2145.10 2145.10 2145.10 2145.10 2145.10 2145.10 2145.10 2145.10 2145.10 2145.10 2145.10 0.00000 0.00000 0.11000 0.20000 0.35000 0.77000 1.40000 2.11000 2.74000 4.71000 7.95000 9.96000 16.5100 21.8900 33.9300 71.5700 127.790 193.800 261.410 322.500 366.780 384.140 373.160 346.350 358.270 428.030 510.910 588.000 656.460 711.280
2145.10 2145.10 2145.10 2145.10 2145.10 2145.10 2145.10 2145.10 2145.10 2145.10 2145.10 2145.10 2145.10 2145.10 2145.10 2145.10 2145.10 2145.10 2145.10 2145.10 2145.10 2145.10 2145.10 2145.10 2145.10 2145.10 2145.10 2145.10 2145.10 2145.10 2145.10 2145.10 2145.10 2145.10 2145.10 2145.10 2145.10 2145.10 0.00000 0.00000 0.040000 0.090000 0.45000 0.96000 1.53000 2.04000 4.04000 7.20000 8.95000 8.29000 6.51000 11.5900 47.1900 96.2300 153.750 213.150 269.040 311.910 331.590 323.150 284.000 289.600 369.310 448.240 523.910 595.370 658.780
2145.10 2145.10 2145.10 2145.10 2145.10 2145.10 2145.10 2145.10 2145.10 2145.10 2145.10 2145.10 2145.10 2145.10 2145.10 2145.10 2145.10 2145.10 2145.10 2145.10 2145.10 2145.10 2145.10 2145.10 2145.10 2145.10 2145.10 2145.10 2145.10 2145.10 2145.10 2145.10 2145.10 2145.10 2145.10 2145.10 2145.10 2145.10 2145.10 0.00000 0.00000 0.080000 0.30000 0.66000 1.09000 1.49000 3.38000 6.70000 8.86000 9.19000 8.13000 15.6500 39.4900 77.1500 123.850 174.040 224.180 267.570 294.750 302.530 296.630 307.670 352.670 412.100 475.720 541.740 605.380
2145.10 2145.10 2145.10 2145.10 2145.10 2145.10 2145.10 2145.10 2145.10 2145.10 2145.10 2145.10 2145.10 2145.10 2145.10 2145.10 2145.10 2145.10 2145.10 2145.10 2145.10 2145.10 2145.10 2145.10 2145.10 2145.10 2145.10 2145.10 2145.10 2145.10 2145.10 2145.10 2145.10 2145.10 2145.10 2145.10 2145.10 2145.10 2145.10 2145.10 2145.10 0.00000 0.11000 0.37000 0.70000 1.00000 2.59000 6.26000 9.17000 11.1200 12.9600 17.0300 31.7400 60.7300 97.5700 138.750 181.980 225.040 258.070 279.050 292.370 308.470 337.690 380.930 431.420 487.970 545.430
2145.10 2145.10 2145.10 2145.10 2145.10 2145.10 2145.10 2145.10 2145.10 2145.10 2145.10 2145.10 2145.10 2145.10 2145.10 2145.10 2145.10 2145.10 2145.10 2145.10 2145.10 2145.10 2145.10 2145.10 2145.10 2145.10 2145.10 2145.10 2145.10 2145.10 2145.10 2145.10 2145.10 2145.10 2145.10 2145.10 2145.10 2145.10 2145.10 2145.10 2145.10 2145.10 0.00000 0.00000 0.26000 0.51000 1.51000 5.58000 9.18000 12.3200 15.7800 20.8000 28.7100 40.2500 69.6600 103.160 138.410 179.250 213.600 239.600 260.460 280.590 305.310 338.250 380.930 428.010 475.910
2145.10 2145.10 2145.10 2145.10 2145.10 2145.10 2145.10 2145.10 2145.10 2145.10 2145.10 2145.10 2145.10 2145.10 2145.10 2145.10 2145.10 2145.10 2145.10 2145.10 2145.10 2145.10 2145.10 2145.10 2145.10 2145.10 2145.10 2145.10 2145.10 2145.10 2145.10 2145.10 2145.10 2145.10 2145.10 2145.10 2145.10 2145.10 2145.10 2145.10 2145.10 2145.10 2145.10 0.00000 0.00000 0.00000 0.18000 4.37000 8.35000 12.1600 16.3400 21.6600 28.9600 38.8400 51.5600 66.8300 92.5000 128.470 160.340 187.080 210.000 231.690 255.530 284.540 320.400 359.320 398.230
2145.10 2145.10 2145.10 2145.10 2145.10 2145.10 2145.10 2145.10 2145.10 2145.10 2145.10 2145.10 2145.10 2145.10 2145.10 2145.10 2145.10 2145.10 2145.10 2145.10 2145.10 2145.10 2145.10 2145.10 2145.10 2145.10 2145.10 2145.10 2145.10 2145.10 2145.10 2145.10 2145.10 2145.10 2145.10 2145.10 2145.10 2145.10 2145.10 2145.10 2145.10 2145.10 2145.10 2145.10 0.00000 0.00000 0.00000 2.76000 6.76000 10.6200 14.7800 19.8200 26.3600 34.8300 45.3100 57.1100 69.0000 88.3400 110.440 130.710 150.270 171.250 196.130 227.000 264.700 305.280 342.570
2145.10 2145.10 2145.10 2145.10 2145.10 2145.10 2145.10 2145.10 2145.10 2145.10 2145.10 2145.10 2145.10 2145.10 2145.10 2145.10 2145.10 2145.10 2145.10 2145.10 2145.10 2145.10 2145.10 2145.10 2145.10 2145.10 2145.10 2145.10 2145.10 2145.10 2145.10 2145.10 2145.10 2145.10 2145.10 2145.10 2145.10 2145.10 2145.10 2145.10 2145.10 2145.10 2145.10 2145.10 2145.10 2145.10 0.00000 1.03000 4.83000 8.28000 11.8300 16.1200 21.7100 28.9400 37.6700 46.8300 55.5600 66.5100 83.7900 99.0700 114.340 132.560 156.260 186.380 222.120 258.410 287.750
2145.10 2145.10 2145.10 2145.10 2145.10 2145.10 2145.10 2145.10 2145.10 2145.10 2145.10 2145.10 2145.10 2145.10 2145.10 2145.10 2145.10 2145.10 2145.10 2145.10 2145.10 2145.10 2145.10 2145.10 2145.10 2145.10 2145.10 2145.10 2145.10 2145.10 2145.10 2145.10 2145.10 2145.10 2145.10 2145.10 2145.10 2145.10 2145.10 2145.10 2145.10 2145.10 2145.10 2145.10 2145.10 2145.10 2145.10 0.00000 2.61000 5.43000 8.06000 11.3300 16.0100 22.3100 29.7400 37.1100 43.6800 48.9500 59.2500 69.0600 78.7800 93.0900 115.360 145.400 178.920 210.970 235.880
2145.10 2145.10 2145.10 2145.10 2145.10 2145.10 2145.10 2145.10 2145.10 2145.10 2145.10 2145.10 2145.10 2145.10 2145.10 2145.10 2145.10 2145.10 2145.10 2145.10 2145.10 2145.10 2145.10 2145.10 2145.10 2145.10 2145.10 2145.10 2145.10 2145.10 2145.10 2145.10 2145.10 2145.10 2145.10 2145.10 2145.10 2145.10 2145.10 2145.10 2145.10 2145.10 2145.10 2145.10 2145.10 2145.10 2145.10 2145.10 0.54000 2.75000 4.36000 6.52000 10.4000 16.0400 22.5100 28.7100 33.8200 37.0000 38.5600 43.1700 46.5000 56.2900 77.4700 107.360 139.990 170.700 193.280
