data/area_grres.asc
ncols 259
nrows 304
xllcenter -54500
yllcenter 6099500
cellsize 1000.00
nodata_value  23.5636
[rows 261 to 289 of 304, columns 132 to 197 of 259]
-19.6942 -19.9427 -20.0705 -20.0601 -20.0368 -20.1486 -20.3097 -20.5010 -20.6703 -20.7654 -20.7670 -20.6367 -20.3797 -19.9757 -19.4627 -18.8708 -18.2048 -17.4667 -16.6958 -15.9300 -15.1752 -14.4422 -13.7542 -13.1438 -12.5930 -12.0977 -11.6481 -11.2436 -10.8522 -10.4442 -10.0121 -9.54100 -9.02340 -8.43780 -7.81160 -7.15950 -6.49780 -5.84210 -5.20880 -4.61820 -4.07370 -3.58560 -3.15290 -2.78110 -2.46090 -2.18520 -1.95230 -1.75950 -1.60240 -1.47540 -1.38010 -1.31050 -1.28340 -1.32270 -1.40030 -1.49900 -1.61040 -1.73420 -1.82930 -1.85400 -1.81080 -1.68900 -1.48620 -1.18650 -0.81940 -0.39450
-21.0066 -21.1621 -21.1461 -21.1013 -21.0548 -21.0952 -21.1804 -21.3244 -21.4466 -21.4718 -21.3983 -21.2016 -20.8760 -20.3836 -19.7960 -19.1812 -18.5116 -17.7646 -16.9927 -16.2414 -15.5095 -14.8032 -14.1451 -13.5665 -13.0475 -12.5810 -12.1604 -11.7876 -11.4305 -11.0673 -10.6690 -10.1955 -9.65800 -9.04560 -8.38470 -7.69080 -6.98580 -6.29280 -5.62370 -4.99480 -4.41510 -3.90090 -3.44690 -3.05600 -2.72020 -2.43430 -2.19270 -1.98890 -1.82000 -1.68070 -1.57070 -1.48340 -1.43250 -1.43730 -1.47480 -1.53090 -1.59780 -1.67660 -1.72710 -1.70950 -1.62400 -1.45470 -1.21110 -0.88940 -0.51390 -0.094500
-21.8133 -21.9084 -21.7997 -21.7717 -21.7525 -21.7642 -21.8093 -21.9325 -22.0298 -22.0081 -21.8788 -21.6245 -21.2384 -20.6779 -20.0342 -19.4005 -18.7279 -17.9790 -17.2122 -16.4749 -15.7633 -15.0825 -14.4534 -13.9055 -13.4185 -12.9835 -12.5954 -12.2554 -11.9349 -11.6232 -11.2676 -10.8025 -10.2556 -9.62470 -8.93460 -8.19860 -7.44970 -6.72360 -6.02410 -5.36190 -4.75200 -4.21570 -3.74500 -3.34180 -2.99670 -2.70410 -2.45490 -2.23850 -2.05330 -1.89420 -1.76160 -1.65080 -1.57120 -1.53560 -1.52880 -1.54310 -1.56830 -1.60470 -1.61420 -1.56070 -1.43930 -1.22590 -0.94150 -0.59030 -0.19840 0.21650
-21.7165 -21.9288 -21.9581 -22.0350 -22.0895 -22.1136 -22.1516 -22.2915 -22.3934 -22.3363 -22.1516 -21.8242 -21.3720 -20.7858 -20.1316 -19.4835 -18.8076 -18.0814 -17.3444 -16.6272 -15.9343 -15.2724 -14.6656 -14.1495 -13.6967 -13.2928 -12.9341 -12.6196 -12.3267 -12.0515 -11.7354 -11.3150 -10.8008 -10.1722 -9.45940 -8.66440 -7.85150 -7.09020 -6.36730 -5.68780 -5.06690 -4.52410 -4.05070 -3.64990 -3.30580 -3.00570 -2.74310 -2.50810 -2.29840 -2.10670 -1.93730 -1.78870 -1.67090 -1.59840 -1.55570 -1.53700 -1.52850 -1.52520 -1.49530 -1.40940 -1.25620 -1.00550 -0.68550 -0.30560 0.10660 0.53030
-21.1485 -21.5311 -21.7640 -21.9680 -22.1102 -22.1759 -22.2311 -22.3887 -22.4939 -22.4155 -22.1960 -21.8205 -21.3304 -20.7510 -20.1150 -19.4664 -18.7954 -18.1007 -17.4002 -16.7065 -16.0336 -15.3917 -14.8054 -14.3123 -13.8835 -13.5042 -13.1684 -12.8690 -12.5942 -12.3524 -12.0770 -11.7077 -11.2337 -10.6091 -9.87880 -9.04470 -8.19060 -7.40900 -6.67640 -5.99670 -5.37950 -4.83720 -4.36590 -3.97450 -3.63730 -3.33250 -3.05690 -2.80080 -2.56170 -2.33100 -2.11790 -1.92550 -1.76340 -1.64680 -1.56230 -1.50760 -1.46380 -1.41800 -1.34990 -1.24440 -1.07210 -0.78260 -0.42290 -0.014800 0.41620 0.84790
-20.4242 -20.9529 -21.3401 -21.6245 -21.8208 -21.9443 -22.0314 -22.1578 -22.2206 -22.1333 -21.9220 -21.5724 -21.1194 -20.5854 -19.9932 -19.3722 -18.7247 -18.0580 -17.3857 -16.7182 -16.0717 -15.4611 -14.8995 -14.4084 -13.9773 -13.6094 -13.2850 -12.9803 -12.7101 -12.5154 -12.2934 -11.9591 -11.5003 -10.8469 -10.0873 -9.27140 -8.44530 -7.67380 -6.95110 -6.29610 -5.70020 -5.15550 -4.67930 -4.30010 -3.97570 -3.67480 -3.39340 -3.11630 -2.84620 -2.57640 -2.31980 -2.08630 -1.87850 -1.70290 -1.55830 -1.45400 -1.36460 -1.26670 -1.16280 -1.07810 -0.92110 -0.57190 -0.14230 0.29770 0.74190 1.16960
-19.4976 -20.1525 -20.6738 -21.0375 -21.2959 -21.4937 -21.6287 -21.7263 -21.7489 -21.6662 -21.4818 -21.1815 -20.7878 -20.3123 -19.7746 -19.1949 -18.5823 -17.9480 -17.3055 -16.6668 -16.0474 -15.4668 -14.9249 -14.4241 -13.9767 -13.6069 -13.2810 -12.9615 -12.6838 -12.5128 -12.3222 -12.0103 -11.5674 -10.9106 -10.1585 -9.40050 -8.64090 -7.90880 -7.21890 -6.60310 -6.03940 -5.50530 -5.03360 -4.66720 -4.35280 -4.05390 -3.76440 -3.46390 -3.15930 -2.84530 -2.53860 -2.25580 -1.99260 -1.74570 -1.52870 -1.36490 -1.22180 -1.06750 -0.92270 -0.84270 -0.69180 -0.30040 0.17460 0.63030 1.07490 1.48890
-18.3987 -19.1234 -19.7398 -20.2117 -20.5782 -20.8701 -21.0751 -21.1908 -21.2180 -21.1603 -21.0063 -20.7368 -20.3783 -19.9459 -19.4543 -18.9197 -18.3517 -17.7617 -17.1597 -16.5544 -15.9608 -15.3987 -14.8624 -14.3435 -13.8703 -13.4815 -13.1377 -12.8040 -12.5051 -12.2840 -12.0512 -11.7353 -11.3251 -10.7582 -10.1167 -9.45940 -8.79310 -8.13860 -7.51190 -6.93940 -6.41070 -5.91900 -5.48040 -5.12260 -4.80390 -4.49470 -4.18610 -3.85790 -3.51460 -3.14660 -2.77620 -2.42450 -2.08580 -1.75230 -1.45110 -1.22120 -1.01950 -0.81100 -0.60980 -0.44760 -0.23690 0.13160 0.56040 0.99160 1.41490 1.80390
-17.2155 -17.9979 -18.6991 -19.2859 -19.7695 -20.1527 -20.4270 -20.5774 -20.6262 -20.5952 -20.4700 -20.2349 -19.9151 -19.5261 -19.0809 -18.5956 -18.0760 -17.5311 -16.9683 -16.3929 -15.8195 -15.2667 -14.7274 -14.1886 -13.6867 -13.2660 -12.8899 -12.5341 -12.2060 -11.9185 -11.6312 -11.3134 -10.9494 -10.5028 -10.0044 -9.46590 -8.90880 -8.35610 -7.81540 -7.29920 -6.81540 -6.37870 -5.98200 -5.63170 -5.30290 -4.97700 -4.64260 -4.28250 -3.89660 -3.46980 -3.02970 -2.60050 -2.17710 -1.75040 -1.35680 -1.04510 -0.76900 -0.49810 -0.23370 0.025100 0.30220 0.62890 0.98410 1.36750 1.74870 2.10010
-16.0297 -16.9028 -17.7130 -18.4097 -18.9898 -19.4294 -19.7407 -19.9210 -19.9913 -19.9700 -19.8618 -19.6763 -19.4164 -19.0820 -18.6912 -18.2628 -17.7948 -17.2885 -16.7535 -16.1946 -15.6279 -15.0721 -14.5231 -13.9740 -13.4513 -12.9849 -12.5579 -12.1629 -11.8012 -11.4769 -11.1746 -10.8901 -10.5935 -10.2506 -9.87010 -9.43870 -8.98910 -8.55350 -8.12080 -7.68400 -7.26360 -6.88380 -6.52600 -6.18340 -5.84360 -5.49520 -5.12800 -4.73000 -4.29670 -3.80950 -3.29970 -2.79440 -2.28810 -1.77310 -1.28350 -0.85920 -0.47460 -0.11850 0.21280 0.52360 0.82380 1.12360 1.42680 1.74850 2.06520 2.36890
-14.8894 -15.8477 -16.7558 -17.5556 -18.2273 -18.7197 -19.0687 -19.2916 -19.3938 -19.3730 -19.2706 -19.1386 -18.9435 -18.6603 -18.3163 -17.9323 -17.5025 -17.0240 -16.5081 -15.9603 -15.3957 -14.8309 -14.2671 -13.7068 -13.1631 -12.6479 -12.1664 -11.7271 -11.3315 -10.9854 -10.6850 -10.4408 -10.2155 -9.97930 -9.72020 -9.40200 -9.06740 -8.75760 -8.44190 -8.09350 -7.74180 -7.41430 -7.08860 -6.75330 -6.40280 -6.03020 -5.62820 -5.18990 -4.70730 -4.15940 -3.57830 -2.98910 -2.39080 -1.78140 -1.18940 -0.64310 -0.14180 0.30320 0.69930 1.04710 1.35610 1.63270 1.88630 2.12930 2.35790 2.59080
-13.8706 -14.8769 -15.8343 -16.7204 -17.4836 -18.0490 -18.4647 -18.7623 -18.9166 -18.8742 -18.7509 -18.6779 -18.5561 -18.3158 -18.0002 -17.6269 -17.2019 -16.7356 -16.2321 -15.6959 -15.1364 -14.5619 -13.9796 -13.3962 -12.8212 -12.2603 -11.7311 -11.2504 -10.8273 -10.4812 -10.1981 -9.97450 -9.79950 -9.67860 -9.55920 -9.37400 -9.17190 -8.99380 -8.79580 -8.53660 -8.24870 -7.95450 -7.64340 -7.31580 -6.96050 -6.56690 -6.13240 -5.65450 -5.12250 -4.51670 -3.86190 -3.17150 -2.45970 -1.73560 -1.02930 -0.37070 0.22940 0.74530 1.19120 1.57080 1.88930 2.15360 2.36220 2.50620 2.61530 2.73420
-12.9703 -14.0134 -15.0130 -15.9822 -16.8388 -17.4872 -17.9811 -18.3582 -18.5705 -18.5273 -18.3956 -18.3587 -18.2767 -18.0537 -17.7413 -17.3521 -16.9073 -16.4322 -15.9262 -15.3980 -14.8440 -14.2573 -13.6553 -13.0503 -12.4501 -11.8598 -11.2995 -10.7833 -10.3353 -9.99210 -9.73070 -9.53650 -9.42060 -9.41930 -9.44140 -9.39100 -9.31850 -9.25870 -9.16360 -8.98720 -8.75860 -8.49030 -8.18690 -7.86250 -7.50010 -7.08780 -6.62440 -6.10830 -5.52780 -4.86550 -4.13690 -3.33990 -2.50960 -1.67110 -0.85210 -0.081300 0.61860 1.21020 1.70880 2.11580 2.43570 2.67740 2.82980 2.86460 2.84210 2.82720
-12.2209 -13.3058 -14.3778 -15.4438 -16.4030 -17.1383 -17.7060 -18.1323 -18.3910 -18.4273 -18.3531 -18.2891 -18.1551 -17.9013 -17.5571 -17.1244 -16.6360 -16.1225 -15.5915 -15.0727 -14.5300 -13.9223 -13.2940 -12.6750 -12.0671 -11.4811 -10.9199 -10.3730 -9.89200 -9.52670 -9.27160 -9.14120 -9.12530 -9.25720 -9.42160 -9.49740 -9.53470 -9.55320 -9.52190 -9.41120 -9.23600 -8.99830 -8.70820 -8.37950 -8.00340 -7.57890 -7.09580 -6.54780 -5.92210 -5.19860 -4.39230 -3.49350 -2.55570 -1.62730 -0.71430 0.17750 0.99840 1.69530 2.27140 2.70820 3.01630 3.19870 3.25980 3.18300 3.03490 2.88400
-11.5915 -12.7214 -13.8710 -15.0283 -16.0880 -16.9262 -17.5873 -18.0734 -18.3877 -18.5211 -18.5118 -18.3946 -18.1698 -17.8463 -17.4341 -16.9339 -16.3813 -15.8049 -15.2262 -14.6968 -14.1551 -13.5367 -12.9011 -12.2866 -11.6930 -11.1393 -10.6056 -10.0524 -9.55790 -9.18090 -8.94030 -8.89110 -8.98400 -9.22710 -9.50360 -9.68590 -9.81410 -9.88920 -9.90130 -9.84160 -9.70790 -9.49050 -9.20370 -8.85680 -8.45500 -8.01500 -7.51210 -6.92990 -6.26000 -5.48710 -4.61510 -3.61670 -2.57090 -1.55260 -0.54750 0.45690 1.39050 2.19310 2.84700 3.30800 3.59550 3.70560 3.66490 3.47750 3.20640 2.91520
-11.0741 -12.2551 -13.4678 -14.6837 -15.8220 -16.7928 -17.5949 -18.1947 -18.6004 -18.8044 -18.8212 -18.6487 -18.3283 -17.8924 -17.3664 -16.7826 -16.1539 -15.4909 -14.8330 -14.2388 -13.6611 -13.0643 -12.4730 -11.8957 -11.3465 -10.8563 -10.3839 -9.86550 -9.39900 -9.04750 -8.85070 -8.90480 -9.10300 -9.39250 -9.70700 -9.95990 -10.1589 -10.2817 -10.3323 -10.3136 -10.2067 -9.98600 -9.67560 -9.28290 -8.83230 -8.36650 -7.83830 -7.21000 -6.49620 -5.71570 -4.81780 -3.71380 -2.53680 -1.39510 -0.27500 0.82030 1.83290 2.72010 3.43270 3.89340 4.14380 4.18960 4.06130 3.77110 3.37880 2.93810
-10.6313 -11.8717 -13.1555 -14.4379 -15.6655 -16.7889 -17.7514 -18.4759 -18.9737 -19.2270 -19.2461 -19.0149 -18.5940 -18.0200 -17.3489 -16.6511 -15.9191 -15.1505 -14.4000 -13.7303 -13.1156 -12.5575 -12.0366 -11.5253 -11.0504 -10.6463 -10.2621 -9.82570 -9.43450 -9.14370 -9.00780 -9.14830 -9.41970 -9.72260 -10.0403 -10.3306 -10.5710 -10.7216 -10.7920 -10.7864 -10.6802 -10.4408 -10.0956 -9.64720 -9.13800 -8.63260 -8.06720 -7.38870 -6.62950 -5.83550 -4.91250 -3.72470 -2.44340 -1.19580 0.021700 1.18300 2.25010 3.20120 3.96150 4.43540 4.66350 4.63560 4.40890 4.02130 3.51960 2.94620
-10.2174 -11.5270 -12.9115 -14.3147 -15.6849 -16.9885 -18.1152 -18.9306 -19.4739 -19.7351 -19.7285 -19.4508 -18.9462 -18.2261 -17.3853 -16.5220 -15.6367 -14.7422 -13.8990 -13.1802 -12.5602 -12.0519 -11.6131 -11.1984 -10.8297 -10.5237 -10.2512 -9.97200 -9.73620 -9.56220 -9.50440 -9.65850 -9.91850 -10.2192 -10.5339 -10.8229 -11.0611 -11.2117 -11.2712 -11.2241 -11.0703 -10.8023 -10.4264 -9.92890 -9.36270 -8.79600 -8.17040 -7.44490 -6.63610 -5.76850 -4.77800 -3.56250 -2.26130 -0.97480 0.28280 1.47210 2.56880 3.56070 4.37190 4.93740 5.21170 5.06880 4.68530 4.19390 3.59960 2.93540
-9.84970 -11.2418 -12.7408 -14.2740 -15.7906 -17.2644 -18.5478 -19.4704 -20.0749 -20.3353 -20.2869 -19.9475 -19.3440 -18.4661 -17.4426 -16.3918 -15.3347 -14.3120 -13.3819 -12.6257 -12.0138 -11.5617 -11.2157 -10.9266 -10.6963 -10.5097 -10.3686 -10.2716 -10.2128 -10.1686 -10.1906 -10.3401 -10.5644 -10.8474 -11.1416 -11.3999 -11.6052 -11.7315 -11.7583 -11.6478 -11.4269 -11.1148 -10.6969 -10.1467 -9.51990 -8.87790 -8.17790 -7.39950 -6.53760 -5.58570 -4.52690 -3.31240 -2.03060 -0.74370 0.51890 1.71500 2.82050 3.81790 4.64600 5.28040 5.59410 5.35980 4.85410 4.28710 3.63160 2.91680
-9.48610 -11.0042 -12.6452 -14.2909 -15.9165 -17.5046 -18.9151 -20.0149 -20.7649 -21.0558 -20.9652 -20.5192 -19.7632 -18.7024 -17.4829 -16.2366 -15.0121 -13.8921 -12.9063 -12.1173 -11.5095 -11.1051 -10.8524 -10.7211 -10.6694 -10.6378 -10.6487 -10.7172 -10.8057 -10.8606 -10.9452 -11.1192 -11.3391 -11.5955 -11.8454 -12.0448 -12.1871 -12.2612 -12.2360 -12.0669 -11.7836 -11.4044 -10.9186 -10.3066 -9.61350 -8.88520 -8.09880 -7.25060 -6.32800 -5.31460 -4.21720 -3.01960 -1.77360 -0.51530 0.72560 1.92810 3.03050 3.97150 4.72830 5.29450 5.55900 5.33030 4.84390 4.27230 3.61240 2.90410
-9.26010 -10.8676 -12.6118 -14.3443 -16.0584 -17.7378 -19.2621 -20.5544 -21.4665 -21.7787 -21.6286 -21.0543 -20.1336 -18.9113 -17.5248 -16.1000 -14.7153 -13.4821 -12.4274 -11.6240 -11.0460 -10.7052 -10.5608 -10.6070 -10.7513 -10.8858 -11.0513 -11.2713 -11.4894 -11.6341 -11.7742 -11.9674 -12.1767 -12.3958 -12.5901 -12.7228 -12.7936 -12.8019 -12.7121 -12.4810 -12.1318 -11.6727 -11.1059 -10.4264 -9.66320 -8.84420 -7.96770 -7.04660 -6.06560 -5.00820 -3.89140 -2.71760 -1.51520 -0.30650 0.88740 2.07100 3.14490 4.00700 4.67010 5.13570 5.33600 5.15220 4.73800 4.19590 3.56030 2.88470
-9.34910 -10.9102 -12.6316 -14.4104 -16.2089 -17.9921 -19.6481 -21.1438 -22.2082 -22.4775 -22.1968 -21.4505 -20.3578 -19.0449 -17.5745 -16.0146 -14.4746 -13.0480 -11.8493 -11.0613 -10.5723 -10.3377 -10.3390 -10.5920 -10.9493 -11.2465 -11.5507 -11.8933 -12.2166 -12.4594 -12.6629 -12.8470 -13.0142 -13.1853 -13.3246 -13.4066 -13.4216 -13.3597 -13.1955 -12.8952 -12.4735 -11.9291 -11.2766 -10.5252 -9.68960 -8.78120 -7.81940 -6.83230 -5.80540 -4.73130 -3.61680 -2.45300 -1.27950 -0.13190 0.98680 2.09450 3.09270 3.88270 4.48300 4.89350 5.07200 4.94500 4.60680 4.10770 3.50610 2.85980
-9.57990 -11.0460 -12.6941 -14.4730 -16.3108 -18.1571 -19.8966 -21.5089 -22.6594 -22.9064 -22.5508 -21.6937 -20.4925 -19.1392 -17.6315 -15.9905 -14.3379 -12.7238 -11.3825 -10.6394 -10.2710 -10.1629 -10.3131 -10.7387 -11.2678 -11.7090 -12.1380 -12.5859 -12.9947 -13.3103 -13.5528 -13.7114 -13.8245 -13.9382 -14.0187 -14.0565 -14.0252 -13.8997 -13.6664 -13.3020 -12.8103 -12.1764 -11.4324 -10.6046 -9.69510 -8.70220 -7.66260 -6.61610 -5.55190 -4.47560 -3.37740 -2.23130 -1.09220 -0.011000 1.02530 2.04070 2.95130 3.67800 4.23060 4.59870 4.76370 4.68720 4.41810 3.96810 3.40950 2.80050
-9.82180 -11.2117 -12.7958 -14.5147 -16.3007 -18.1170 -19.8122 -21.2900 -22.3471 -22.6981 -22.4926 -21.7242 -20.5760 -19.2188 -17.6836 -16.0322 -14.3419 -12.5829 -11.1385 -10.5046 -10.3132 -10.3630 -10.6497 -11.1368 -11.7195 -12.2724 -12.8217 -13.3776 -13.8637 -14.1900 -14.4076 -14.5237 -14.5788 -14.6224 -14.6356 -14.6306 -14.5629 -14.3959 -14.1183 -13.7097 -13.1605 -12.4345 -11.5907 -10.6791 -9.69160 -8.62160 -7.51550 -6.41960 -5.32670 -4.25010 -3.17410 -2.07180 -0.99010 0.029100 0.99850 1.93970 2.78420 3.47460 4.00000 4.32870 4.46560 4.39280 4.14700 3.73720 3.22770 2.67170
-10.1250 -11.4173 -12.9064 -14.5143 -16.1897 -17.9174 -19.5114 -20.7978 -21.7256 -22.1914 -22.1789 -21.5756 -20.5663 -19.2698 -17.7722 -16.1887 -14.5503 -12.7723 -11.3177 -10.7646 -10.6833 -10.8481 -11.2250 -11.7128 -12.2873 -12.8997 -13.5237 -14.1497 -14.6796 -14.9811 -15.1470 -15.2167 -15.2186 -15.1937 -15.1442 -15.1079 -15.0187 -14.8274 -14.5210 -14.0766 -13.4752 -12.6614 -11.7220 -10.7301 -9.67150 -8.54080 -7.38500 -6.24860 -5.13440 -4.06760 -3.02470 -1.97980 -0.96470 -0.0039000 0.90640 1.77800 2.56200 3.22410 3.73180 4.03400 4.15120 4.07480 3.84070 3.46510 2.99990 2.49240
-10.5373 -11.6781 -13.0003 -14.4320 -15.9399 -17.5282 -19.0120 -20.2213 -21.1148 -21.5990 -21.6613 -21.2133 -20.3883 -19.2512 -17.9179 -16.5146 -15.0758 -13.5747 -12.3209 -11.6839 -11.4562 -11.5996 -11.9759 -12.4331 -12.9757 -13.5686 -14.1784 -14.7985 -15.3132 -15.5641 -15.6735 -15.7086 -15.6770 -15.5977 -15.5033 -15.4654 -15.3853 -15.1937 -14.8743 -14.3929 -13.7342 -12.8350 -11.8059 -10.7422 -9.62660 -8.46320 -7.28310 -6.10660 -4.96970 -3.93160 -2.94250 -1.96550 -1.02070 -0.11120 0.74860 1.55190 2.27290 2.89670 3.38410 3.68590 3.81660 3.76390 3.55760 3.20510 2.76030 2.27010
23.5636 23.5636 23.5636 -14.3061 -15.6352 -17.0598 -18.4161 -19.5661 -20.4450 -20.9328 -21.0574 -20.7826 -20.1800 -19.2683 -18.1709 -16.9984 -15.8083 -14.6564 -13.6589 -12.9384 -12.5311 -12.5861 -12.8876 -13.2683 -13.7324 -14.2345 -14.7567 -15.3079 -15.7612 -15.9480 -16.0027 -16.0067 -15.9501 -15.8320 -15.7066 -15.6678 -15.5951 -15.4069 -15.0813 -14.5708 -13.8698 -12.9162 -11.8314 -10.7209 -9.57050 -8.39600 -7.21300 -6.02210 -4.88330 -3.87900 -2.94250 -2.03260 -1.15570 -0.29340 0.52130 1.26250 1.92710 2.51840 2.99110 3.29980 3.44920 3.42040 3.23950 2.90840 2.48140 2.00360
23.5636 23.5636 23.5636 23.5636 23.5636 23.5636 23.5636 23.5636 23.5636 23.5636 23.5636 23.5636 23.5636 23.5636 23.5636 -17.7042 -16.7150 -15.7818 -14.9584 -14.3143 -13.8988 -13.8339 -13.9714 -14.2148 -14.5316 -14.8494 -15.1912 -15.5987 -15.9431 -16.0743 -16.0983 -16.0717 -15.9921 -15.8611 -15.7222 -15.6542 -15.5527 -15.3498 -15.0142 -14.4899 -13.7828 -12.8468 -11.7817 -10.6704 -9.51740 -8.34810 -7.18210 -6.03530 -4.94400 -3.96360 -3.05290 -2.19380 -1.37210 -0.55350 0.21940 0.90990 1.53380 2.11740 2.59300 2.89710 3.04250 3.00900 2.83180 2.52650 2.13170 1.68200
23.5636 23.5636 23.5636 23.5636 23.5636 23.5636 23.5636 23.5636 23.5636 23.5636 23.5636 23.5636 23.5636 23.5636 23.5636 23.5636 23.5636 23.5636 23.5636 23.5636 23.5636 23.5636 23.5636 23.5636 23.5636 23.5636 -15.5308 -15.7572 -15.9616 -16.0266 -16.0182 -15.9609 -15.8619 -15.7295 -15.5853 -15.4779 -15.3339 -15.1101 -14.7653 -14.2389 -13.5469 -12.6613 -11.6534 -10.5785 -9.45700 -8.31780 -7.19070 -6.11440 -5.09090 -4.13700 -3.24720 -2.43250 -1.66000 -0.88470 -0.15320 0.49420 1.08420 1.65700 2.13090 2.43080 2.57570 2.54570 2.38220 2.11220 1.75820 1.34140
