data/area_mag.asc
ncols 259
nrows 304
xllcenter -54500
yllcenter 6099500
cellsize 1000.00
nodata_value  1142.4056
[rows 26 to 51 of 304, columns 174 to 231 of 259]
1142.4056 1142.4056 1142.4056 1142.4056 1142.4056 1142.4056 1142.4056 1142.4056 1142.4056 1142.4056 1142.4056 1142.4056 1142.4056 1142.4056 1142.4056 1142.4056 1142.4056 1142.4056 1142.4056 1142.4056 1142.4056 1142.4056 1142.4056 1142.4056 1142.4056 1142.4056 1142.4056 1142.4056 1142.4056 1142.4056 1142.4056 1142.4056 1142.4056 1142.4056 1142.4056 1142.4056 1142.4056 1142.4056 1142.4056 1142.4056 1142.4056 1142.4056 1142.4056 1142.4056 1142.4056 1142.4056 1142.4056 1142.4056 1142.4056 1142.4056 1142.4056 1142.4056 1142.4056 1142.4056 1142.4056 1142.4056 1142.4056 1142.4056
1142.4056 1142.4056 1142.4056 1142.4056 1142.4056 1142.4056 1142.4056 1142.4056 1142.4056 1142.4056 1142.4056 1142.4056 1142.4056 1142.4056 1142.4056 1142.4056 1142.4056 1142.4056 1142.4056 1142.4056 1142.4056 1142.4056 1142.4056 1142.4056 1142.4056 1142.4056 1142.4056 1142.4056 1142.4056 1142.4056 1142.4056 1142.4056 1142.4056 1142.4056 1142.4056 1142.4056 1142.4056 1142.4056 1142.4056 1142.4056 1142.4056 1142.4056 1142.4056 1142.4056 1142.4056 1142.4056 1142.4056 1142.4056 1142.4056 1142.4056 1142.4056 1142.4056 1142.4056 1142.4056 1142.4056 1142.4056 1142.4056 1142.4056
1142.4056 1142.4056 1142.4056 1142.4056 1142.4056 1142.4056 1142.4056 1142.4056 1142.4056 1142.4056 1142.4056 1142.4056 1142.4056 1142.4056 1142.4056 1142.4056 1142.4056 1142.4056 1142.4056 1142.4056 1142.4056 1142.4056 1142.4056 1142.4056 1142.4056 1142.4056 1142.4056 1142.4056 1142.4056 1142.4056 1142.4056 1142.4056 1142.4056 1142.4056 1142.4056 1142.4056 1142.4056 1142.4056 1142.4056 1142.4056 1142.4056 1142.4056 1142.4056 1142.4056 1142.4056 1142.4056 1142.4056 1142.4056 1142.4056 1142.4056 1142.4056 1142.4056 1142.4056 1142.4056 1142.4056 1142.4056 1142.4056 1142.4056
1142.4056 1142.4056 1142.4056 1142.4056 1142.4056 1142.4056 1142.4056 1142.4056 1142.4056 1142.4056 1142.4056 1142.4056 1142.4056 1142.4056 1142.4056 1142.4056 1142.4056 1142.4056 1142.4056 1142.4056 1142.4056 1142.4056 1142.4056 1142.4056 1142.4056 1142.4056 1142.4056 1142.4056 1142.4056 1142.4056 1142.4056 1142.4056 1142.4056 1142.4056 1142.4056 1142.4056 1142.4056 1142.4056 1142.4056 1142.4056 1142.4056 1142.4056 1142.4056 1142.4056 1142.4056 1142.4056 1142.4056 1142.4056 1142.4056 1142.4056 1142.4056 1142.4056 1142.4056 1142.4056 1142.4056 1142.4056 1142.4056 1142.4056
-69.856500 -65.995800 -60.791100 -56.902100 -53.461300 -52.033800 -52.608000 -52.969300 1142.4056 1142.4056 1142.4056 1142.4056 1142.4056 1142.4056 1142.4056 1142.4056 1142.4056 1142.4056 1142.4056 1142.4056 1142.4056 1142.4056 1142.4056 1142.4056 1142.4056 1142.4056 1142.4056 1142.4056 1142.4056 1142.4056 1142.4056 1142.4056 1142.4056 1142.4056 1142.4056 1142.4056 1142.4056 1142.4056 1142.4056 1142.4056 1142.4056 1142.4056 1142.4056 1142.4056 1142.4056 1142.4056 1142.4056 1142.4056 1142.4056 1142.4056 1142.4056 1142.4056 1142.4056 1142.4056 1142.4056 1142.4056 1142.4056 1142.4056
-76.064200 -72.065300 -67.884000 -64.112800 -61.962200 -61.658800 -60.765800 -59.932600 -58.978600 -59.487700 -61.043300 -63.728100 -67.377900 -71.089100 -77.407800 -81.874600 1142.4056 1142.4056 1142.4056 1142.4056 1142.4056 1142.4056 1142.4056 1142.4056 1142.4056 1142.4056 1142.4056 1142.4056 1142.4056 1142.4056 1142.4056 1142.4056 1142.4056 1142.4056 1142.4056 1142.4056 1142.4056 1142.4056 1142.4056 1142.4056 1142.4056 1142.4056 1142.4056 1142.4056 1142.4056 1142.4056 1142.4056 1142.4056 1142.4056 1142.4056 1142.4056 1142.4056 1142.4056 1142.4056 1142.4056 1142.4056 1142.4056 1142.4056
-82.598600 -79.481800 -75.495900 -71.852400 -70.097700 -69.118400 -68.506100 -67.360700 -66.024300 -66.551600 -68.274700 -70.589200 -74.351400 -78.276900 -83.497200 -87.638600 -89.297500 -89.978400 -92.219400 -95.447200 -95.964700 -95.361200 -94.803100 -94.916500 1142.4056 1142.4056 1142.4056 1142.4056 1142.4056 1142.4056 1142.4056 1142.4056 1142.4056 1142.4056 1142.4056 1142.4056 1142.4056 1142.4056 1142.4056 1142.4056 1142.4056 1142.4056 1142.4056 1142.4056 1142.4056 1142.4056 1142.4056 1142.4056 1142.4056 1142.4056 1142.4056 1142.4056 1142.4056 1142.4056 1142.4056 1142.4056 1142.4056 1142.4056
-89.822700 -86.493700 -82.537400 -79.072700 -77.336700 -77.092900 -76.216300 -74.795200 -73.276700 -73.872700 -75.202000 -77.058700 -80.081200 -84.272400 -89.428000 -93.290600 -94.643700 -95.733200 -97.643500 -99.748000 -101.74200 -102.95340 -102.62020 -102.86830 -103.83070 -105.40320 -106.55310 -107.10320 -106.10290 -106.75510 -108.40340 -109.07960 -108.88990 1142.4056 1142.4056 1142.4056 1142.4056 1142.4056 1142.4056 1142.4056 1142.4056 1142.4056 1142.4056 1142.4056 1142.4056 1142.4056 1142.4056 1142.4056 1142.4056 1142.4056 1142.4056 1142.4056 1142.4056 1142.4056 1142.4056 1142.4056 1142.4056 1142.4056
-95.836600 -93.014800 -89.087600 -85.058900 -83.127700 -84.048900 -83.730200 -82.354100 -81.454900 -81.367200 -81.948500 -82.934700 -85.445900 -89.588400 -94.938500 -98.969700 -100.32870 -101.60340 -103.58700 -105.31000 -107.82750 -109.72430 -109.96100 -110.10990 -110.40620 -111.03420 -112.03090 -112.82240 -112.43950 -112.58710 -113.61490 -114.26410 -114.53010 -114.68430 -115.97890 -117.04760 -117.91500 -118.81170 -119.36950 -118.31780 -115.55720 1142.4056 1142.4056 1142.4056 1142.4056 1142.4056 1142.4056 1142.4056 1142.4056 1142.4056 1142.4056 1142.4056 1142.4056 1142.4056 1142.4056 1142.4056 1142.4056 1142.4056
-101.47540 -99.230100 -95.414800 -91.418100 -89.051100 -89.529600 -90.140400 -89.344600 -88.619200 -88.464400 -88.447800 -89.010900 -90.760200 -94.633200 -100.08490 -105.03840 -106.54240 -108.21900 -109.97230 -111.87850 -113.83190 -115.08760 -116.39940 -116.89320 -116.91010 -116.90610 -117.43940 -118.41200 -119.10100 -118.54690 -118.99920 -119.30470 -119.69250 -120.33080 -121.47510 -123.18940 -124.74050 -125.33590 -124.80400 -123.58820 -122.34620 -120.33120 -118.21670 -117.49310 -124.09190 -131.29800 -135.15070 -135.61300 -133.67830 1142.4056 1142.4056 1142.4056 1142.4056 1142.4056 1142.4056 1142.4056 1142.4056 1142.4056
-106.70990 -105.30300 -102.10250 -98.452700 -95.193700 -95.706000 -96.103800 -95.245800 -94.421100 -94.244700 -94.354500 -94.409700 -95.910900 -99.717600 -105.19470 -109.83610 -112.68610 -114.25530 -115.95230 -117.54850 -119.26720 -120.32690 -121.99130 -123.46730 -123.62950 -123.05590 -123.31510 -124.00120 -124.60790 -124.57470 -124.40560 -124.24790 -124.50540 -125.38050 -127.06140 -129.12150 -130.58210 -130.83240 -129.78440 -129.19420 -129.28340 -128.51110 -127.76150 -128.54500 -132.12520 -138.06520 -141.73220 -141.42790 -138.85180 -134.79390 -128.97200 -120.68150 -108.74090 -96.195500 -83.370000 -70.549300 -57.411100 1142.4056
-112.89730 -111.93350 -109.10020 -105.47290 -102.62300 -102.56100 -102.69740 -101.05310 -100.03100 -100.40540 -100.18550 -100.33090 -101.73860 -105.55610 -111.55200 -115.60890 -117.77540 -118.91960 -120.52470 -121.84240 -123.07890 -125.13720 -127.46430 -129.61850 -129.98760 -129.42680 -129.44740 -129.62560 -129.79600 -129.81010 -129.47700 -128.90360 -129.01330 -130.16210 -131.99480 -134.23690 -135.64850 -134.90370 -134.08050 -134.18630 -135.03450 -135.53990 -135.82940 -137.61360 -140.03400 -144.02820 -146.13170 -145.40420 -143.32260 -139.89030 -135.44640 -128.83760 -119.28490 -108.68460 -98.851400 -88.046700 -77.505000 -69.434000
-118.43100 -117.19190 -114.46340 -111.21180 -109.06180 -109.27480 -109.06070 -106.97190 -105.57460 -105.41160 -105.52430 -105.79380 -107.04990 -111.33150 -117.53590 -120.44380 -121.91990 -122.72400 -124.01260 -125.46240 -126.50390 -129.29500 -132.22390 -134.31300 -134.89530 -134.55360 -134.63080 -134.86360 -134.75820 -134.56690 -133.69590 -133.02030 -132.97910 -134.30510 -136.19140 -137.97750 -138.75160 -137.93950 -137.68680 -138.74960 -140.58200 -141.15730 -141.53740 -143.48020 -146.88120 -149.35710 -149.90440 -148.76070 -147.00320 -144.40120 -141.04250 -136.37890 -129.91420 -121.25730 -111.20020 -101.33340 -94.220700 -89.159800
-122.87250 -120.38310 -118.49120 -116.27480 -115.18910 -115.41130 -114.83150 -112.89710 -110.37280 -110.03470 -110.24900 -110.53980 -111.85220 -115.65720 -121.28430 -124.31380 -125.66130 -126.32480 -127.54740 -129.15570 -130.99360 -133.80780 -136.61900 -138.05690 -138.38970 -138.44990 -139.17590 -139.65000 -139.22000 -138.53510 -137.05840 -136.41340 -136.90090 -138.38160 -140.05460 -141.26170 -141.51470 -140.62250 -141.07320 -143.04840 -145.15320 -145.66810 -145.40750 -147.09320 -151.64720 -154.21770 -154.18960 -152.08380 -149.45130 -147.67260 -145.59350 -143.32750 -138.55200 -131.24220 -121.10860 -112.60420 -106.57210 -102.78120
-126.21050 -123.11680 -121.14880 -119.92010 -119.65160 -120.34890 -119.73280 -117.68730 -115.48470 -114.56940 -114.78880 -115.12800 -115.16740 -119.13570 -125.00190 -128.14800 -129.27840 -129.96030 -131.34480 -133.74160 -136.23380 -139.29570 -141.19370 -141.68480 -141.32950 -141.78900 -143.48730 -144.51470 -143.43490 -141.94740 -140.46850 -139.91960 -140.87980 -142.42430 -143.89450 -144.54470 -144.41670 -144.01170 -144.72620 -147.06560 -149.33780 -149.53570 -148.37170 -150.12180 -154.28940 -157.58560 -157.51370 -154.71060 -151.79050 -150.08770 -148.80810 -147.11920 -143.56120 -137.48860 -128.92220 -120.21960 -114.96220 -112.48590
-129.66470 -126.13190 -123.95640 -122.79670 -122.86670 -123.31320 -122.80670 -121.22690 -119.64360 -118.99620 -119.49230 -120.13030 -120.80380 -123.69340 -128.54930 -132.02630 -133.32810 -133.88830 -135.39310 -138.19550 -141.33480 -144.41010 -145.68610 -145.17160 -144.02190 -144.54130 -146.47490 -147.62650 -146.85890 -144.97380 -143.95620 -143.58430 -144.83360 -146.39350 -147.52850 -147.90640 -147.65480 -147.38300 -148.20490 -150.75300 -152.71420 -152.72730 -151.60700 -152.49610 -156.28690 -159.59380 -159.56560 -157.19520 -154.78260 -153.08980 -151.67500 -150.23500 -147.22910 -141.94920 -134.33130 -126.52140 -121.28130 -119.69240
-133.27080 -129.82790 -127.40660 -126.51380 -126.12270 -126.20280 -125.64250 -124.17390 -123.07610 -123.40880 -124.61040 -125.60140 -126.95870 -129.11820 -133.19700 -136.08470 -137.30240 -138.26060 -139.49160 -141.57650 -145.15480 -148.10910 -148.70390 -147.43420 -146.27080 -146.66210 -148.55900 -149.85730 -148.88800 -147.84190 -147.07330 -147.52630 -149.17130 -150.19680 -150.90830 -151.27660 -151.09500 -151.02210 -151.96350 -154.13580 -156.02390 -155.59630 -154.47830 -155.53670 -158.39750 -160.75110 -160.99080 -159.46800 -157.46520 -155.88990 -154.30350 -152.73400 -150.12340 -145.41300 -138.95230 -131.40680 -126.44420 -125.45860
-135.91630 -133.54510 -131.75440 -131.30610 -130.92790 -130.13110 -128.84530 -127.37010 -126.90430 -127.87390 -129.18180 -130.45690 -132.00130 -134.56810 -137.31470 -139.73470 -140.79540 -141.79010 -143.13220 -145.17040 -147.93830 -149.89380 -149.99950 -148.53940 -147.54910 -148.66920 -150.31870 -151.11630 -150.97680 -150.54500 -150.45790 -150.85570 -152.22960 -153.30800 -153.83330 -154.18990 -154.48210 -154.71320 -155.22540 -157.54210 -159.02310 -158.59080 -157.72350 -158.37970 -160.53820 -162.46860 -162.47590 -161.33880 -160.03170 -158.48230 -156.61270 -154.89790 -153.01230 -148.63250 -142.72300 -136.58510 -132.37900 -130.75290
-137.79770 -136.30280 -135.66340 -135.95350 -135.79490 -134.46740 -132.33230 -130.93550 -130.86510 -131.72640 -132.64640 -133.92040 -135.58550 -137.87720 -140.24360 -142.09580 -143.13870 -144.45450 -146.24410 -147.97170 -149.99630 -150.98740 -150.14590 -148.97590 -149.19440 -150.26300 -151.64520 -152.29730 -152.56420 -152.60690 -152.84520 -153.31400 -154.52200 -155.87750 -156.44540 -156.89350 -157.30080 -157.96240 -158.75480 -160.33400 -161.55350 -161.25560 -160.39140 -161.02210 -162.71070 -163.63710 -163.47330 -162.76530 -162.18970 -160.78880 -158.61080 -156.95940 -155.08380 -151.88440 -147.18750 -141.85380 -138.39740 -136.53040
-139.07230 -138.05320 -137.87600 -138.99090 -138.59390 -137.01460 -135.42580 -134.66560 -134.57170 -135.10040 -135.35290 -136.36110 -137.99450 -139.87630 -141.85440 -143.49270 -145.16490 -146.61270 -148.56530 -149.66670 -150.73270 -151.00010 -150.12010 -148.82460 -149.05230 -150.36160 -151.56440 -152.31340 -152.67030 -153.29050 -153.72250 -154.87660 -155.96330 -157.23890 -157.92010 -158.43120 -159.04720 -160.05520 -161.23240 -162.21510 -163.10790 -162.71870 -162.54020 -163.18760 -164.47270 -164.90020 -164.38440 -163.72160 -163.50050 -162.41560 -160.51670 -158.64860 -157.35610 -155.51250 -151.15880 -146.61010 -143.35780 -141.34060
-139.95820 -139.12000 -138.71350 -139.23440 -139.09840 -138.38340 -137.55800 -137.14840 -137.28270 -137.66650 -137.79600 -138.15880 -139.36690 -140.77490 -142.34610 -144.11120 -146.32280 -148.26230 -149.80370 -150.41530 -150.47090 -150.66730 -150.21030 -149.01160 -148.59570 -149.24240 -150.73320 -151.70770 -151.73340 -152.23930 -152.93250 -154.06450 -155.62590 -157.14910 -158.14670 -158.61540 -159.39200 -160.34100 -161.43620 -162.01670 -162.74980 -163.18800 -163.76960 -164.63480 -165.69660 -165.77790 -164.86640 -164.16840 -164.18740 -163.64820 -161.14550 -159.24110 -157.82580 -156.25300 -153.36990 -150.13800 -146.75280 -144.13510
-139.68550 -138.90670 -138.02540 -138.31180 -138.57470 -138.41670 -138.28250 -138.46610 -138.95340 -139.32550 -139.28790 -139.44250 -140.15420 -141.07180 -142.23160 -144.05400 -146.68190 -149.09730 -150.22680 -150.32750 -150.03830 -149.97630 -149.93710 -149.50470 -148.71290 -149.02350 -150.02420 -150.60500 -150.72630 -150.91740 -151.54800 -152.80490 -154.77590 -156.69100 -157.68420 -158.10070 -158.70140 -159.53590 -160.24120 -160.37040 -161.33270 -162.67420 -164.03590 -165.34450 -166.38220 -166.64070 -165.90670 -164.94140 -164.35840 -163.12720 -161.08330 -158.97430 -157.02630 -155.23140 -153.62230 -151.08150 -148.28310 -145.35820
-138.49570 -137.48630 -136.63750 -137.02410 -137.46630 -137.80270 -138.28110 -139.04210 -139.86060 -140.40260 -140.64570 -140.71310 -140.83380 -141.13650 -141.77520 -143.61810 -146.30190 -148.57180 -149.80010 -150.24140 -149.04690 -148.96590 -149.26200 -149.28230 -149.12250 -149.24950 -149.59650 -149.84260 -149.91020 -149.86820 -150.35100 -151.88710 -154.09440 -156.22020 -157.23900 -157.27010 -157.59180 -158.45100 -158.91030 -159.14840 -160.22760 -161.95640 -163.89140 -165.42060 -166.89740 -167.40210 -167.01460 -166.21220 -164.73430 -162.90250 -160.86430 -158.60480 -156.39790 -154.38350 -152.74370 -151.19310 -148.93170 -145.94730
-136.24010 -135.72410 -135.48280 -135.70360 -136.27850 -136.95700 -137.91630 -138.92810 -139.95200 -140.75200 -141.28500 -141.62000 -141.46590 -141.41090 -141.86580 -143.39990 -145.29880 -147.23290 -147.86510 -147.23730 -147.14700 -147.44090 -147.95550 -148.52380 -149.00470 -149.36880 -149.51140 -149.64960 -149.59250 -149.53540 -149.83410 -151.09440 -153.49120 -155.76020 -156.36370 -156.18420 -156.32600 -157.27340 -158.05910 -158.54550 -159.71990 -161.38080 -163.16130 -165.11860 -166.77020 -167.81370 -167.86270 -166.85630 -164.89640 -162.64600 -160.61340 -158.68860 -156.59400 -154.54390 -152.84520 -151.41600 -149.37820 -146.56670
-133.80600 -133.76680 -134.19440 -134.38150 -134.76560 -135.72150 -136.97060 -138.22270 -139.40230 -140.34740 -140.94900 -141.55110 -141.73470 -141.75510 -141.82080 -142.48490 -143.81150 -144.81230 -145.16050 -145.09870 -145.21780 -145.78550 -146.48070 -147.58000 -148.57240 -149.22790 -149.64950 -149.47340 -149.43700 -149.50240 -149.65860 -150.54800 -152.45390 -154.32040 -155.13360 -154.72660 -154.83350 -156.30260 -157.38830 -158.58050 -159.49000 -160.49600 -161.82850 -163.85480 -165.87990 -167.29280 -167.53190 -166.25310 -164.26930 -161.94290 -160.26790 -158.89530 -157.20930 -155.40650 -153.70270 -152.01300 -149.95320 -147.35790
-131.29550 -131.75370 -132.51660 -133.04930 -133.12040 -134.13160 -135.67640 -136.97950 -138.24140 -139.31260 -139.89200 -140.66640 -141.36050 -141.56270 -141.52240 -141.70500 -142.25330 -142.85680 -143.13390 -143.38560 -143.67850 -144.11160 -144.81620 -146.11620 -147.63920 -148.39870 -148.58070 -148.50500 -148.67040 -149.05920 -149.39970 -149.92840 -150.94690 -152.37740 -152.92410 -152.70480 -153.33870 -154.74470 -156.34690 -157.69680 -158.42780 -158.85060 -160.01970 -161.85130 -163.96730 -165.58640 -166.15550 -164.53860 -162.64460 -160.88270 -159.63800 -158.79900 -157.78520 -156.48840 -154.88220 -153.04200 -150.84360 -148.12050
