data/area_grres.asc
ncols 259
nrows 304
xllcenter -54500
yllcenter 6099500
cellsize 1000.00
nodata_value  23.5636
[rows 58 to 86 of 304, columns 132 to 197 of 259]
6.96090 6.35250 5.97090 5.74920 5.59800 5.39380 5.17230 4.93500 4.66170 4.32170 3.94820 3.56670 3.16890 2.75500 2.32440 1.87780 1.41020 0.92690 0.39660 -0.22560 -0.89440 -1.58020 -2.28210 -2.99210 -3.70170 -4.39980 -5.08570 -5.76040 -6.40730 -7.01690 -7.56950 -8.04900 -8.43550 -8.70550 -8.85410 -8.89860 -8.74860 -8.25490 -7.61150 -6.95980 -6.30790 -5.69180 -5.16850 -4.82380 -4.60750 -4.50320 -4.49510 -4.57000 -4.70330 -4.86410 -5.05740 -5.27640 -5.52560 -5.80950 -6.12210 -6.45950 -6.82030 -7.21010 -7.60440 -7.98190 -8.33900 -8.66940 -8.96020 -9.20600 -9.37820 -9.44010
7.04320 6.40400 5.94610 5.70320 5.55270 5.37670 5.19590 4.99590 4.76340 4.47270 4.14720 3.80240 3.43620 3.05480 2.64920 2.21230 1.74360 1.25280 0.70230 0.039100 -0.68070 -1.42160 -2.17400 -2.91590 -3.64890 -4.36900 -5.06960 -5.74520 -6.38850 -6.99550 -7.55140 -8.04670 -8.46080 -8.76710 -8.97310 -9.12760 -9.07940 -8.60590 -7.97030 -7.36840 -6.78050 -6.24140 -5.78360 -5.45980 -5.24420 -5.13800 -5.11270 -5.14360 -5.22090 -5.32750 -5.46010 -5.60360 -5.77610 -5.99460 -6.24730 -6.52570 -6.83600 -7.18980 -7.56170 -7.93060 -8.29460 -8.65020 -8.98140 -9.28380 -9.51980 -9.64490
7.11010 6.50560 6.04680 5.78080 5.60500 5.43150 5.26340 5.07550 4.86440 4.61600 4.33680 4.02770 3.69060 3.33190 2.93950 2.50470 2.02420 1.49770 0.90680 0.22000 -0.52350 -1.30280 -2.09470 -2.86660 -3.62600 -4.37520 -5.09760 -5.77790 -6.41410 -7.00140 -7.53350 -8.01160 -8.40850 -8.69450 -8.87860 -8.99220 -8.93910 -8.57550 -8.07550 -7.55990 -7.04570 -6.58480 -6.19340 -5.90840 -5.72020 -5.64700 -5.64240 -5.66590 -5.71820 -5.78980 -5.87130 -5.93970 -6.02640 -6.15540 -6.32660 -6.54830 -6.81860 -7.14790 -7.50660 -7.86800 -8.23330 -8.59900 -8.95200 -9.28630 -9.57690 -9.80470
7.16940 6.62720 6.19490 5.90570 5.69430 5.51140 5.34340 5.15920 4.96160 4.74590 4.50380 4.22490 3.91160 3.56650 3.17910 2.74300 2.24820 1.68090 1.04710 0.34330 -0.41520 -1.22660 -2.05360 -2.85480 -3.64090 -4.41750 -5.15910 -5.84240 -6.46730 -7.02560 -7.51850 -7.95440 -8.30410 -8.53860 -8.66550 -8.68880 -8.59060 -8.33490 -7.98000 -7.55140 -7.11170 -6.73060 -6.41160 -6.18060 -6.03970 -6.02080 -6.06120 -6.10760 -6.16340 -6.21680 -6.26020 -6.26980 -6.28320 -6.32370 -6.41170 -6.58080 -6.81430 -7.11770 -7.45770 -7.80130 -8.15330 -8.51030 -8.86520 -9.21290 -9.54410 -9.86820
7.16780 6.70310 6.31270 6.01010 5.76920 5.57560 5.40670 5.23760 5.06120 4.86380 4.63980 4.38060 4.08190 3.73720 3.34420 2.90510 2.40070 1.80540 1.14090 0.42040 -0.35640 -1.20190 -2.06590 -2.89890 -3.71070 -4.50310 -5.25070 -5.92920 -6.53670 -7.06260 -7.50800 -7.87510 -8.14970 -8.31560 -8.38130 -8.34840 -8.22170 -7.99850 -7.70280 -7.33450 -6.96340 -6.66120 -6.42200 -6.26070 -6.18580 -6.23360 -6.33550 -6.43910 -6.53120 -6.57490 -6.58860 -6.57080 -6.54390 -6.51270 -6.52900 -6.65970 -6.86460 -7.13640 -7.44250 -7.74330 -8.05280 -8.37080 -8.70030 -9.04760 -9.40310 -9.77880
7.09860 6.71130 6.36450 6.05870 5.79750 5.59260 5.42060 5.26950 5.11710 4.93650 4.72850 4.48960 4.20600 3.86010 3.45980 3.01610 2.50200 1.88340 1.19220 0.45170 -0.34660 -1.22280 -2.11960 -2.98470 -3.82280 -4.62890 -5.38000 -6.05470 -6.64420 -7.13220 -7.52000 -7.80120 -7.98190 -8.06320 -8.05340 -7.95590 -7.78670 -7.55820 -7.28430 -6.96270 -6.65440 -6.42250 -6.25930 -6.17590 -6.17870 -6.30020 -6.47370 -6.65500 -6.80950 -6.87380 -6.88960 -6.87490 -6.83610 -6.76070 -6.72280 -6.80960 -6.96960 -7.19020 -7.44160 -7.68400 -7.93430 -8.19010 -8.46830 -8.78940 -9.13960 -9.52390
6.95960 6.62460 6.29840 6.00450 5.74370 5.52790 5.34840 5.21290 5.08510 4.93060 4.75140 4.54580 4.29010 3.95480 3.55480 3.10440 2.57540 1.93250 1.21170 0.43920 -0.38960 -1.28680 -2.20410 -3.09990 -3.96740 -4.79310 -5.55640 -6.24010 -6.81940 -7.25920 -7.57390 -7.75900 -7.83560 -7.82160 -7.72120 -7.53230 -7.29090 -7.03030 -6.75620 -6.47150 -6.21800 -6.03620 -5.93280 -5.93220 -6.02120 -6.21090 -6.45160 -6.71320 -6.94820 -7.08680 -7.16580 -7.19650 -7.18610 -7.12690 -7.07420 -7.08510 -7.14650 -7.27440 -7.43840 -7.61450 -7.79970 -7.97030 -8.16440 -8.41730 -8.71390 -9.04510
6.68450 6.39380 6.08570 5.81360 5.56700 5.35050 5.17290 5.06050 4.96520 4.84840 4.70800 4.53840 4.31140 3.99040 3.59440 3.13870 2.59760 1.93930 1.19680 0.38980 -0.47410 -1.39280 -2.33070 -3.25750 -4.15440 -4.99840 -5.77170 -6.46120 -7.02840 -7.42360 -7.66790 -7.75300 -7.71790 -7.59930 -7.39600 -7.09980 -6.76820 -6.45570 -6.16370 -5.90620 -5.69980 -5.55720 -5.50330 -5.57730 -5.74900 -6.01260 -6.33330 -6.69400 -7.03600 -7.28970 -7.47110 -7.56640 -7.59520 -7.56220 -7.49940 -7.43200 -7.38500 -7.39940 -7.45260 -7.54450 -7.64880 -7.72170 -7.81620 -7.97430 -8.18440 -8.42270
6.20310 5.95600 5.67400 5.43070 5.21020 5.01550 4.86460 4.79540 4.75150 4.69520 4.60850 4.46570 4.25270 3.94020 3.54690 3.08850 2.54420 1.89280 1.15020 0.31720 -0.58220 -1.53540 -2.50780 -3.47000 -4.39500 -5.25030 -6.02280 -6.70050 -7.24660 -7.62150 -7.82170 -7.80600 -7.64830 -7.41080 -7.08690 -6.66230 -6.22210 -5.85050 -5.53650 -5.29940 -5.13270 -5.02260 -5.01020 -5.14240 -5.38670 -5.73580 -6.16090 -6.65550 -7.14500 -7.56020 -7.87760 -8.03340 -8.07980 -8.03580 -7.93760 -7.82440 -7.70540 -7.59860 -7.51660 -7.49020 -7.48210 -7.45120 -7.43900 -7.47130 -7.55440 -7.65620
5.52520 5.32510 5.08230 4.87350 4.68700 4.53080 4.42330 4.40450 4.41700 4.42830 4.40300 4.29430 4.10340 3.81100 3.43210 2.98060 2.44100 1.80400 1.06550 0.20310 -0.73690 -1.72620 -2.73300 -3.72730 -4.67560 -5.53830 -6.30440 -6.95950 -7.47540 -7.82910 -7.99050 -7.88870 -7.62440 -7.27730 -6.83970 -6.29550 -5.74970 -5.30560 -4.95210 -4.72410 -4.58810 -4.50720 -4.52720 -4.68210 -4.97030 -5.41980 -5.97620 -6.62160 -7.27390 -7.86680 -8.33350 -8.55760 -8.62170 -8.55230 -8.40100 -8.23150 -8.03250 -7.79880 -7.57640 -7.42380 -7.29890 -7.17190 -7.06500 -6.98240 -6.94900 -6.92910
4.60110 4.46770 4.29750 4.12660 3.97540 3.87710 3.82980 3.85680 3.91560 3.98750 4.02520 3.97370 3.83690 3.59740 3.26340 2.84090 2.31890 1.69470 0.94990 0.037400 -0.95930 -1.97670 -3.00240 -4.01610 -4.97840 -5.84890 -6.60970 -7.23400 -7.70710 -8.01630 -8.12840 -7.97540 -7.65030 -7.22150 -6.69550 -6.06930 -5.44040 -4.89580 -4.46400 -4.22670 -4.11200 -4.06900 -4.11600 -4.21700 -4.48410 -5.07330 -5.81710 -6.61770 -7.42190 -8.17660 -8.78380 -9.10100 -9.20840 -9.11420 -8.89120 -8.61340 -8.28600 -7.92150 -7.57210 -7.30730 -7.08770 -6.89530 -6.73520 -6.59570 -6.50920 -6.44280
3.54010 3.46350 3.36370 3.23460 3.12570 3.09200 3.11140 3.18910 3.29810 3.43150 3.53510 3.55300 3.48430 3.30880 3.02850 2.64120 2.13920 1.52180 0.76530 -0.19080 -1.23650 -2.28230 -3.32780 -4.35750 -5.32750 -6.19620 -6.94060 -7.52410 -7.94520 -8.19810 -8.25870 -8.07710 -7.72540 -7.25320 -6.67800 -6.00560 -5.32080 -4.68530 -4.17440 -3.92030 -3.81420 -3.79500 -3.85270 -3.88060 -4.10740 -4.81820 -5.73750 -6.69730 -7.65970 -8.57190 -9.31010 -9.70680 -9.83970 -9.69740 -9.37920 -8.97110 -8.50210 -8.01550 -7.55440 -7.18640 -6.88150 -6.63360 -6.43870 -6.28050 -6.18980 -6.14370
2.41940 2.36040 2.29640 2.21680 2.16610 2.19240 2.27430 2.41510 2.58920 2.79040 2.96410 3.05780 3.05940 2.93770 2.69720 2.33430 1.84190 1.21500 0.44350 -0.51460 -1.56830 -2.64890 -3.73070 -4.78050 -5.75250 -6.59380 -7.29340 -7.82150 -8.18190 -8.36990 -8.38090 -8.19220 -7.85290 -7.40400 -6.84730 -6.16650 -5.45620 -4.77160 -4.21480 -3.95300 -3.84610 -3.81140 -3.84370 -3.81540 -4.01010 -4.76750 -5.79250 -6.93500 -8.09890 -9.18700 -10.0522 -10.4809 -10.5748 -10.3180 -9.84960 -9.28940 -8.68000 -8.09960 -7.56100 -7.10790 -6.72710 -6.41470 -6.18700 -6.05510 -6.03060 -6.11390
1.28490 1.22060 1.16830 1.13330 1.14060 1.22080 1.36180 1.57370 1.82160 2.08950 2.33200 2.50770 2.58820 2.52960 2.33690 2.00320 1.52110 0.87690 0.082300 -0.87740 -1.93740 -3.05630 -4.17790 -5.24750 -6.21960 -7.02930 -7.67930 -8.14780 -8.44350 -8.56070 -8.52060 -8.33360 -8.02570 -7.63220 -7.13590 -6.50120 -5.81920 -5.12920 -4.55110 -4.26540 -4.12960 -4.05940 -4.05990 -4.01470 -4.20460 -4.95670 -6.01570 -7.29370 -8.61580 -9.83340 -10.7811 -11.1972 -11.2226 -10.8584 -10.2624 -9.57610 -8.85010 -8.18510 -7.57180 -7.03070 -6.57210 -6.20260 -5.95340 -5.86060 -5.91730 -6.14900
0.19340 0.10460 0.034500 0.027800 0.080300 0.20150 0.39500 0.68770 1.01900 1.34200 1.64250 1.90850 2.08670 2.12100 2.00700 1.72450 1.26460 0.59980 -0.23470 -1.23450 -2.33560 -3.49390 -4.64530 -5.72360 -6.69070 -7.48730 -8.11020 -8.52950 -8.76640 -8.81610 -8.72650 -8.54060 -8.26840 -7.93960 -7.53800 -7.04830 -6.49880 -5.86730 -5.28930 -4.91680 -4.67820 -4.55160 -4.53970 -4.58060 -4.84540 -5.52520 -6.49850 -7.79230 -9.15090 -10.3868 -11.3220 -11.6435 -11.5681 -11.1757 -10.5636 -9.83840 -9.05300 -8.29110 -7.56680 -6.90860 -6.35710 -5.96340 -5.72470 -5.65420 -5.75500 -6.07520
-0.81090 -0.93540 -1.03780 -1.03210 -0.94870 -0.79440 -0.55300 -0.18170 0.23290 0.61390 0.97470 1.32730 1.59970 1.73110 1.70060 1.46960 1.03060 0.34440 -0.53330 -1.58230 -2.73470 -3.93800 -5.12640 -6.23070 -7.20750 -7.99040 -8.57970 -8.94340 -9.11270 -9.08130 -8.92850 -8.73260 -8.48960 -8.22680 -7.92910 -7.60190 -7.21100 -6.67890 -6.14020 -5.69910 -5.36900 -5.19900 -5.18660 -5.32930 -5.67580 -6.27400 -7.12350 -8.33700 -9.62310 -10.7882 -11.6521 -11.8846 -11.7430 -11.3622 -10.7797 -10.0626 -9.25660 -8.41380 -7.58250 -6.80450 -6.15090 -5.71830 -5.47150 -5.40560 -5.52600 -5.88380
-1.68970 -1.86070 -1.99550 -1.98770 -1.88450 -1.70750 -1.42730 -0.98740 -0.49060 -0.023500 0.42270 0.84910 1.19270 1.40710 1.44360 1.23320 0.79110 0.092000 -0.81140 -1.89680 -3.09740 -4.36360 -5.62220 -6.81420 -7.84830 -8.59460 -9.10890 -9.39770 -9.47910 -9.33270 -9.08160 -8.85130 -8.61450 -8.39260 -8.16450 -7.92920 -7.64700 -7.24770 -6.82180 -6.41480 -6.09190 -5.93540 -5.93940 -6.12270 -6.49400 -7.07620 -7.84520 -8.84690 -9.89500 -10.8715 -11.6167 -11.8794 -11.8152 -11.4742 -10.9228 -10.2376 -9.43820 -8.54250 -7.63190 -6.77170 -6.02710 -5.48570 -5.14530 -5.04690 -5.14820 -5.45260
-2.36870 -2.57070 -2.74080 -2.76870 -2.68350 -2.47890 -2.15150 -1.66470 -1.11220 -0.57270 -0.054000 0.42540 0.81960 1.10030 1.19630 1.02200 0.59300 -0.12700 -1.06830 -2.19380 -3.44210 -4.76380 -6.08620 -7.36880 -8.46600 -9.18420 -9.62640 -9.82460 -9.79790 -9.52330 -9.15940 -8.86820 -8.61710 -8.44470 -8.29900 -8.14960 -7.97090 -7.71090 -7.41760 -7.09100 -6.82210 -6.70420 -6.73060 -6.92630 -7.28990 -7.85410 -8.54050 -9.30170 -10.0766 -10.8323 -11.4365 -11.7329 -11.7618 -11.4778 -10.9817 -10.3630 -9.61110 -8.71840 -7.76540 -6.79350 -5.91200 -5.23980 -4.79050 -4.64900 -4.71940 -4.94730
-2.78550 -2.94970 -3.15450 -3.31580 -3.34070 -3.05660 -2.61820 -2.11760 -1.56930 -1.00900 -0.46560 0.030100 0.44860 0.77250 0.93450 0.88890 0.55340 -0.23070 -1.28050 -2.48000 -3.78760 -5.13950 -6.48630 -7.81710 -8.95250 -9.67720 -10.0881 -10.1938 -10.0435 -9.63110 -9.13170 -8.70850 -8.39070 -8.31530 -8.32220 -8.29820 -8.24030 -8.09040 -7.90130 -7.68410 -7.50610 -7.43820 -7.48130 -7.66070 -7.97520 -8.45980 -9.03250 -9.63130 -10.2312 -10.8228 -11.2960 -11.5268 -11.5477 -11.3278 -10.9332 -10.4295 -9.78680 -9.00130 -8.05890 -6.83080 -5.65780 -4.86990 -4.37020 -4.20940 -4.27470 -4.48060
-2.86680 -3.00400 -3.24740 -3.53790 -3.67930 -3.36120 -2.86640 -2.39240 -1.88540 -1.34240 -0.80820 -0.31920 0.10210 0.43930 0.63730 0.69080 0.43390 -0.39190 -1.51470 -2.75870 -4.09480 -5.44320 -6.78040 -8.12040 -9.27000 -10.0282 -10.4319 -10.4013 -10.0854 -9.55740 -8.96490 -8.45250 -8.10280 -8.12890 -8.28520 -8.39590 -8.46560 -8.41690 -8.32050 -8.20850 -8.12010 -8.10350 -8.16420 -8.32230 -8.58190 -8.97800 -9.43740 -9.90400 -10.3621 -10.8057 -11.1495 -11.2905 -11.2768 -11.1144 -10.8263 -10.4528 -9.94830 -9.32440 -8.44920 -7.00410 -5.56130 -4.65030 -4.08040 -3.88050 -3.92010 -4.08900
-2.44200 -2.64270 -2.92820 -3.22580 -3.39660 -3.21270 -2.86810 -2.48760 -2.05190 -1.57130 -1.08220 -0.60820 -0.19790 0.10750 0.26220 0.24390 -0.057900 -0.82750 -1.86590 -3.05340 -4.33650 -5.62410 -6.90990 -8.21600 -9.36590 -10.2403 -10.6897 -10.3721 -9.74580 -9.15630 -8.60010 -8.16990 -7.92250 -8.00990 -8.23960 -8.48690 -8.70090 -8.76300 -8.75160 -8.68530 -8.62480 -8.64000 -8.72090 -8.88150 -9.11820 -9.45290 -9.82290 -10.1748 -10.5027 -10.7986 -11.0149 -11.0895 -11.0581 -10.9311 -10.7233 -10.4724 -10.1203 -9.69760 -8.97520 -7.51670 -5.97450 -4.90230 -4.15960 -3.85150 -3.79560 -3.85000
-1.74040 -2.04170 -2.38360 -2.67460 -2.86660 -2.86090 -2.71780 -2.45130 -2.10140 -1.70530 -1.28550 -0.85270 -0.48060 -0.23430 -0.15020 -0.27700 -0.64300 -1.32320 -2.22550 -3.30990 -4.49590 -5.69280 -6.89160 -8.09930 -9.17720 -10.0861 -10.5351 -9.98880 -9.14070 -8.54650 -8.08350 -7.81740 -7.73800 -7.89050 -8.17360 -8.53720 -8.87240 -9.02480 -9.08140 -9.05070 -9.01290 -9.05950 -9.16490 -9.33840 -9.56680 -9.85820 -10.1581 -10.4133 -10.6270 -10.7887 -10.8861 -10.8974 -10.8413 -10.7220 -10.5617 -10.4072 -10.1897 -9.95120 -9.40640 -8.08020 -6.58420 -5.37510 -4.44270 -4.00910 -3.83480 -3.75410
-0.89280 -1.31550 -1.75400 -2.11690 -2.38690 -2.51390 -2.50560 -2.32830 -2.05560 -1.74370 -1.41010 -1.07010 -0.78670 -0.61800 -0.59360 -0.76140 -1.12500 -1.71840 -2.49860 -3.46110 -4.52460 -5.62850 -6.70620 -7.69580 -8.52320 -9.15110 -9.40710 -8.93810 -8.24750 -7.72320 -7.35770 -7.31760 -7.46870 -7.74430 -8.10820 -8.54040 -8.92620 -9.10770 -9.19450 -9.22700 -9.25510 -9.34920 -9.48890 -9.68280 -9.91440 -10.1918 -10.4506 -10.6200 -10.7272 -10.7734 -10.7653 -10.7096 -10.6077 -10.4466 -10.2758 -10.1734 -10.0411 -9.87920 -9.47030 -8.47890 -7.25940 -5.97510 -4.86360 -4.31840 -4.03480 -3.83540
-0.025500 -0.55680 -1.08730 -1.53110 -1.88370 -2.11700 -2.21610 -2.12760 -1.93940 -1.71510 -1.47380 -1.24100 -1.05990 -0.97420 -1.00780 -1.20070 -1.54890 -2.06850 -2.73920 -3.56910 -4.48950 -5.47500 -6.40410 -7.15270 -7.70430 -8.00070 -8.04250 -7.73410 -7.30480 -6.91160 -6.67510 -6.84270 -7.18990 -7.57210 -7.99730 -8.45750 -8.85640 -9.05630 -9.17420 -9.27610 -9.37830 -9.52210 -9.69780 -9.91660 -10.1574 -10.4254 -10.6522 -10.7569 -10.7826 -10.7396 -10.6460 -10.5270 -10.3710 -10.1518 -9.93800 -9.81850 -9.70640 -9.60010 -9.33190 -8.69750 -7.80470 -6.55210 -5.36330 -4.73400 -4.34570 -4.04050
0.68030 0.096400 -0.48220 -0.97390 -1.37850 -1.67060 -1.84390 -1.86430 -1.79050 -1.65850 -1.50290 -1.36030 -1.26160 -1.24290 -1.32480 -1.54260 -1.88950 -2.38140 -2.98550 -3.68820 -4.44770 -5.25500 -5.99830 -6.56600 -6.94830 -7.07260 -7.01560 -6.78230 -6.51520 -6.34230 -6.31110 -6.56300 -6.94430 -7.34800 -7.77570 -8.21100 -8.60000 -8.86110 -9.06110 -9.23370 -9.39750 -9.58350 -9.78940 -10.0362 -10.2855 -10.5184 -10.6972 -10.7697 -10.7606 -10.6682 -10.5190 -10.3430 -10.1279 -9.85940 -9.57420 -9.27890 -9.04970 -9.07650 -9.02460 -8.57010 -7.87030 -6.87560 -5.88170 -5.22600 -4.73290 -4.33910
1.25870 0.66530 0.073400 -0.44340 -0.88300 -1.21740 -1.44990 -1.56430 -1.59180 -1.54230 -1.46440 -1.40250 -1.37930 -1.42750 -1.56140 -1.80840 -2.16120 -2.63900 -3.19050 -3.77440 -4.38000 -5.01150 -5.58300 -6.01530 -6.29230 -6.33500 -6.25310 -6.09550 -5.96470 -5.99530 -6.13840 -6.40610 -6.74880 -7.12650 -7.52200 -7.90970 -8.27480 -8.59000 -8.86740 -9.10140 -9.31860 -9.54300 -9.77690 -10.0480 -10.3046 -10.5058 -10.6464 -10.7079 -10.6898 -10.5751 -10.3946 -10.1750 -9.91070 -9.60410 -9.25810 -8.80420 -8.45850 -8.56950 -8.67030 -8.33200 -7.78810 -7.09200 -6.35540 -5.71260 -5.14820 -4.69650
1.63550 1.09500 0.54100 0.026600 -0.43870 -0.83640 -1.13950 -1.29590 -1.36250 -1.36480 -1.34460 -1.34420 -1.38720 -1.51310 -1.71600 -2.00740 -2.37470 -2.82300 -3.30990 -3.79010 -4.27720 -4.79600 -5.26760 -5.62160 -5.85790 -5.92210 -5.90760 -5.87470 -5.86840 -5.96600 -6.13140 -6.35820 -6.63390 -6.94860 -7.28800 -7.63970 -7.98760 -8.30950 -8.61020 -8.88150 -9.14000 -9.39990 -9.66100 -9.94240 -10.2005 -10.3980 -10.5348 -10.6013 -10.5877 -10.4711 -10.2816 -10.0384 -9.75000 -9.42650 -9.08210 -8.69000 -8.38280 -8.38130 -8.39290 -8.16630 -7.79840 -7.27270 -6.67770 -6.08440 -5.52850 -5.07360
1.95390 1.47670 0.97330 0.48680 0.023300 -0.41860 -0.77380 -0.94690 -1.03060 -1.07620 -1.11170 -1.17340 -1.28610 -1.49490 -1.77460 -2.12220 -2.51610 -2.94220 -3.37450 -3.77090 -4.16660 -4.60500 -5.01920 -5.35620 -5.61870 -5.77410 -5.87540 -5.96070 -6.04130 -6.13990 -6.26030 -6.41420 -6.60170 -6.82820 -7.08950 -7.39210 -7.70940 -8.01440 -8.31500 -8.60870 -8.89900 -9.19020 -9.47670 -9.76430 -10.0235 -10.2284 -10.3748 -10.4541 -10.4545 -10.3528 -10.1751 -9.93320 -9.64720 -9.33070 -9.01550 -8.73490 -8.49840 -8.35130 -8.21970 -8.06230 -7.82640 -7.41240 -6.91840 -6.39380 -5.88420 -5.45400
2.33030 1.89000 1.41830 0.96800 0.53130 0.089800 -0.27260 -0.43710 -0.52570 -0.61830 -0.72280 -0.86850 -1.07200 -1.36970 -1.73130 -2.15120 -2.59110 -3.01120 -3.41000 -3.75780 -4.09980 -4.48240 -4.87190 -5.26020 -5.61650 -5.90610 -6.13310 -6.27910 -6.37600 -6.44100 -6.49930 -6.58300 -6.68750 -6.81420 -6.97670 -7.19730 -7.45140 -7.72100 -8.00870 -8.31350 -8.62770 -8.94700 -9.25920 -9.55660 -9.82090 -10.0338 -10.1889 -10.2754 -10.2887 -10.2138 -10.0713 -9.87160 -9.63080 -9.35910 -9.08460 -8.84170 -8.62170 -8.43490 -8.25860 -8.09500 -7.88010 -7.52590 -7.10670 -6.65470 -6.20740 -5.81270
