data/area_mag.asc
ncols 259
nrows 304
xllcenter -54500
yllcenter 6099500
cellsize 1000.00
nodata_value  1142.4056
[rows 234 to 259 of 304, columns 116 to 173 of 259]
-80.790500 -46.586300 -76.632500 -124.86870 -155.17470 -151.82680 -121.07970 -68.814300 -55.755800 -67.137000 -79.657000 1142.4056 0.0000000 -25.886700 -4.0896000 69.133400 91.155200 60.199300 20.805100 47.319400 181.23420 325.10470 341.06870 191.74630 -15.974600 -141.40130 -181.86180 -189.38190 -195.89290 -202.42180 -212.60220 -225.53360 -239.79400 -250.60240 -254.18760 -235.26340 -201.22840 -174.78900 -170.08180 -179.46880 -189.71080 -194.95610 -197.31110 -202.74590 -207.87550 -211.29700 -210.48340 -207.98430 -204.50600 -200.48950 -194.64470 -188.30290 -181.79750 -176.48900 -170.88360 -164.33150 -156.88710 -149.31290
-62.083000 -22.694900 -53.300500 -137.70420 -168.95630 -165.74050 -132.06160 -90.995700 -72.239900 -81.123800 -100.39370 1142.4056 1142.4056 -88.386500 -54.590800 21.747800 110.76650 109.83170 64.110100 126.54350 270.20070 378.84650 327.53090 120.73600 -56.236400 -147.02310 -175.98770 -172.12330 -173.30050 -183.57960 -195.49380 -208.16510 -220.73460 -230.33320 -226.83770 -207.06280 -180.11540 -165.65040 -173.73950 -190.18820 -193.87580 -195.84940 -198.61400 -206.30710 -207.06160 -205.87330 -205.06070 -204.47280 -202.64440 -199.18060 -193.17990 -186.59820 -180.77730 -175.42430 -169.92640 -162.12530 -154.12060 -145.27480
-57.900200 -30.193400 -72.265200 -142.11830 -186.83550 -179.37670 -147.17240 -99.817800 -85.707100 -97.234800 -119.77370 1142.4056 1142.4056 0.0000000 -81.326900 15.725400 97.438500 79.569800 28.763500 91.451600 265.88960 294.49210 166.88040 -1.2788000 -93.431900 -153.41190 -167.56690 -157.54790 -158.04670 0.0000000 -177.41640 -189.98420 -199.99510 -203.02490 -191.74140 -167.34920 -150.98290 -143.69210 -159.03830 -175.54560 -185.18700 -188.21880 -189.94670 -198.01220 -199.98980 -198.80880 -199.44360 -199.70110 -198.22680 -193.36300 -186.39750 -180.09020 -174.64930 -168.91330 -163.82690 -157.06550 -148.07150 -138.68000
-27.482800 -15.407800 -80.655100 -158.29660 -195.17720 -182.95250 -137.07650 -96.825400 -100.09730 -120.83160 0.0000000 -151.53660 -132.41270 0.0000000 8.9777000 100.36720 69.741700 14.673700 -79.517800 -1.3559000 142.64160 72.088500 -69.336300 -150.53410 -183.20400 -192.35330 -168.21030 -157.26610 1142.4056 1142.4056 1142.4056 -178.90420 -187.04450 -187.20700 -173.30450 -151.14330 -128.85500 -122.72040 -141.36450 -162.04330 -175.32660 -181.03710 -185.17970 -190.67220 -192.88210 -194.39340 -196.06350 -197.40550 -194.31590 -188.00880 -179.22040 -172.32000 -165.68370 -160.52630 -154.09060 -148.57910 -139.56310 -130.02740
31.927600 41.656900 -47.470700 -133.65900 -166.43960 -151.21530 -120.95450 -100.78490 -115.95790 -137.98250 1142.4056 1142.4056 -133.77860 1142.4056 116.91390 161.92920 30.539100 -54.307500 1142.4056 1142.4056 1142.4056 1142.4056 1142.4056 1142.4056 -268.60360 -240.29290 -194.10180 -168.55500 1142.4056 -185.75420 -182.41810 -177.69950 -177.16130 -177.59850 -164.62470 -131.06140 -109.52800 -104.47590 -129.87980 -153.58190 -171.92310 -185.49310 -191.16320 -194.91740 -196.65730 -198.91170 -200.64040 -199.52990 -195.34640 -187.93910 -178.09270 -169.08080 -162.26540 -155.42860 -148.12770 -140.49380 -132.13060 -122.02410
89.376500 110.59260 15.828900 -92.601200 -133.27610 -124.22870 -113.75850 -120.73760 -137.15900 -146.95120 1142.4056 -157.39550 -151.49940 1142.4056 36.027800 84.075300 -3.2788000 1142.4056 1142.4056 1142.4056 -48.654300 1142.4056 1142.4056 1142.4056 1142.4056 1142.4056 1142.4056 1142.4056 -221.08420 -242.26460 -203.47520 -172.36720 -161.61360 -173.95940 -161.02630 -115.10960 -90.102300 -104.03790 -129.19230 -164.06710 -189.76180 -194.80730 -198.49050 -201.24340 -205.32540 -207.41520 -207.18940 -203.78690 -198.01060 -189.73590 -180.28890 -171.25350 -162.53650 -153.73170 -145.08100 -137.15440 -127.48320 -118.58600
146.40870 175.89550 79.296600 -20.917700 -70.796600 -82.234000 -93.538800 -117.85580 -142.57210 0.0000000 1142.4056 1142.4056 -162.15960 1142.4056 -66.168800 23.125100 0.0000000 4.8593000 71.515800 160.40910 193.27200 82.289600 -80.347100 1142.4056 1142.4056 1142.4056 1142.4056 -196.50420 -252.15380 -265.40200 -198.85680 -143.18680 -121.66840 -144.76470 -168.37330 -81.098600 -48.202200 -90.173900 -127.06780 -163.95490 -190.75270 -196.94970 -197.88840 -204.37780 -210.25140 -211.77480 -209.22020 -204.33240 -196.14050 -188.04710 -178.42210 -170.94650 -161.38300 -151.59020 -141.54240 -132.16840 -123.22420 -115.61620
199.67260 215.29020 153.55990 78.422000 16.560000 -22.039700 -51.931900 0.0000000 1142.4056 1142.4056 1142.4056 1142.4056 1142.4056 1142.4056 -117.74230 -69.423600 1142.4056 27.312000 91.303700 247.91000 313.79290 216.48090 100.12400 49.755400 54.137200 -37.960000 -166.27700 -197.11430 -237.75530 -207.78890 -141.15520 -89.788400 -52.048500 -55.235000 -83.126400 -57.630300 -54.677200 -85.222500 -121.99810 -155.27000 -176.07420 -185.68590 -197.32120 -205.04910 -208.88690 -209.30960 -204.86990 -199.78760 -188.77000 -180.14220 -172.11830 -164.44660 -156.02350 -147.28680 -136.39110 -125.82940 -117.67780 -110.76130
272.69260 287.87490 251.06040 183.00670 122.88260 51.955600 1142.4056 1142.4056 1142.4056 1142.4056 1142.4056 -119.13220 1142.4056 1142.4056 -129.88270 1142.4056 1142.4056 -38.140900 8.1127000 98.937000 201.48620 253.46370 254.57140 275.51540 275.31550 115.83160 -72.723100 -222.09220 -227.81800 -160.27310 -59.413100 -39.172000 -12.250600 -24.447700 -50.493900 -74.704500 -87.465600 -112.44650 -140.17040 -162.02430 -177.58660 -189.56070 -200.33380 -206.98910 -207.71790 -204.82780 -199.04380 -190.74010 -182.30710 -173.94000 -165.31430 -156.34050 -148.47810 -140.55950 -130.76050 -121.55170 -113.03660 -107.06750
345.89880 330.39680 293.01890 252.63270 181.69710 95.837300 1142.4056 1142.4056 1142.4056 1142.4056 1142.4056 -94.792100 1142.4056 1142.4056 1142.4056 1142.4056 1142.4056 -66.756300 -36.902000 7.5650000 68.627200 168.02200 274.16710 227.11490 205.85170 174.42620 10.523600 -163.14950 -159.75660 -148.88220 -92.862800 -42.957800 -24.504300 -37.017600 -77.626700 -108.54120 -123.43510 -148.63590 -167.23520 -178.39800 -185.37050 -192.96150 -204.26250 -211.92730 -211.15680 -205.70620 -196.86170 -187.37890 -180.03790 -171.30090 -162.30400 -153.59600 -145.22230 -137.20020 -128.35030 -120.92460 -112.78860 -105.50440
344.52610 330.65650 285.22910 265.38170 204.22420 130.88330 1142.4056 1142.4056 1142.4056 1142.4056 1142.4056 1142.4056 -126.09160 1142.4056 1142.4056 1142.4056 -94.665900 -34.764800 24.759000 77.749500 100.68100 141.22840 76.240600 80.605100 80.928300 139.59810 146.25180 12.008900 -152.72630 -191.40600 -140.76270 -88.740900 -75.414400 -91.596300 -114.19700 -132.19180 -147.06850 -175.70670 -185.37910 -187.63990 -190.24320 -192.48000 -203.01310 -216.38780 -214.44070 -205.23970 -195.28770 -185.68200 -177.20500 -169.10520 -161.99600 -153.13000 -144.50220 -136.19370 -128.40580 -120.82990 -113.11180 -104.40640
279.76080 249.37980 230.78370 214.69940 178.61410 120.21970 1142.4056 1142.4056 1142.4056 1142.4056 1142.4056 -133.74000 1142.4056 1142.4056 1142.4056 1142.4056 -96.964100 22.822300 166.73350 179.82170 248.80130 305.52180 285.41880 188.78020 98.996100 74.170900 93.830000 20.425600 -152.29850 -194.53900 -168.64470 -136.62700 -128.43880 -135.43480 -145.36070 -150.23000 -165.31360 -182.92450 -188.76330 -188.65910 -193.21100 -199.52300 -207.10440 -214.31750 -209.56230 -201.23560 -192.10200 -182.97470 -173.91290 -167.21090 -161.67950 -152.72480 -143.36460 -134.73330 -126.60840 -119.28480 -110.72950 -101.19680
173.68460 129.61010 146.25870 137.54520 109.45740 63.217800 1142.4056 1142.4056 1142.4056 1142.4056 1142.4056 1142.4056 1142.4056 1142.4056 1142.4056 0.0000000 18.432100 31.469300 88.411300 137.67840 220.63450 350.90670 402.63310 365.73090 150.59980 38.885800 -7.0811000 -102.44960 -174.53290 -202.10200 -194.85810 -184.00990 -174.88020 -174.02840 -174.49230 -177.14580 -182.98910 -187.57100 -189.06290 -199.01640 -207.01280 -213.88860 -218.04970 -211.79920 -206.23140 -197.03430 -188.25650 -180.44110 -173.59080 -167.50370 -160.98390 -152.16540 -141.85860 -132.67390 -124.19740 -116.54980 -107.74800 -97.133200
77.388100 38.559300 43.392000 42.439500 22.232800 -6.2201000 -36.941500 1142.4056 1142.4056 1142.4056 1142.4056 1142.4056 1142.4056 1142.4056 1142.4056 20.322100 69.228200 37.548600 12.753900 13.150300 87.807100 189.42960 296.19840 313.95860 209.29370 91.477700 -6.8999000 -138.13460 -211.43940 -217.90120 -219.77750 -220.64520 -212.72490 -202.46610 -199.17880 -196.42610 -196.66120 -200.08380 -203.97190 -214.22590 -224.39590 -223.84570 -216.26250 -209.29260 -201.67660 -193.35050 -185.75280 -179.06650 -173.73300 -168.79190 -162.30780 -153.26250 -142.85260 -132.65610 -123.08680 -113.81180 -104.95560 -95.128100
19.473500 -27.344000 -44.928600 -52.981000 -70.732300 -82.771800 -97.355300 1142.4056 1142.4056 1142.4056 1142.4056 1142.4056 1142.4056 1142.4056 -12.463600 94.522300 107.80140 105.20200 96.876900 102.18530 124.68430 142.64380 160.82800 211.46390 231.36480 259.59530 82.051000 -123.00630 -238.41890 -255.99980 -244.49540 -244.01950 -229.97600 -217.08530 -212.22840 -213.21040 -215.97050 -218.54880 -223.63480 -228.40600 -231.33760 -226.86300 -218.88660 -209.83440 -200.42720 -191.34680 -183.45770 -176.67220 -172.02110 -168.01380 -162.68610 -154.30880 -144.41780 -132.69330 -121.64610 -110.18650 -100.59130 -90.925000
-19.886100 -56.935000 -92.259200 -114.19020 -137.49990 -146.07960 1142.4056 1142.4056 1142.4056 1142.4056 1142.4056 1142.4056 1142.4056 -60.912900 1.1290000 34.034100 61.297300 128.06210 141.23420 187.00320 219.04560 160.13970 118.97880 183.74000 241.09070 210.69460 74.046000 -171.26050 -293.31330 -283.64310 -264.60810 -252.38870 -239.46340 -226.18150 -223.38040 -226.40580 -232.88950 -235.04230 -237.15460 -237.47200 -234.11940 -228.87150 -220.91110 -211.88740 -202.24310 -192.89020 -184.18440 -175.34040 -170.28190 -166.94930 -163.09390 -155.36410 -144.88860 -132.15700 -119.17220 -106.56080 -94.709800 -84.575100
8.1968000 -58.633000 -105.54290 -140.71940 -170.12530 -176.22380 1142.4056 1142.4056 1142.4056 1142.4056 1142.4056 1142.4056 -101.19500 -3.3227000 5.5665000 -36.670200 0.06040000 16.736000 51.984900 111.57600 177.96440 206.24510 210.32550 197.12010 241.71900 99.185000 -106.89140 -250.42870 -309.61620 -291.76840 -261.19190 -252.19680 -243.94640 -233.24470 -228.88890 -232.39870 -240.15120 -246.18330 -242.23190 -238.08080 -232.24520 -226.75700 -220.58140 -212.44230 -203.96580 -196.90620 -188.29030 -178.56490 -171.83730 -166.99300 -162.14790 -155.25050 -145.17570 -132.42230 -119.13840 -105.10440 -92.440600 -78.840800
2.9301000 -66.021700 -117.54010 -167.53440 -195.01150 1142.4056 1142.4056 1142.4056 1142.4056 1142.4056 1142.4056 1142.4056 4.9889000 106.70940 55.088700 26.792700 76.666800 126.47000 102.84790 37.458200 82.069600 245.69790 342.96870 279.74050 225.46060 81.318600 -145.25600 -306.64950 -335.98210 -300.78600 -277.83400 -257.16380 -245.95090 -237.75590 -231.59750 -233.39920 -246.74530 -253.45210 -243.11690 -229.44780 -230.21090 -227.11280 -222.09400 -213.87530 -204.47690 -200.16920 -193.76790 -184.06870 -175.40070 -169.25980 -161.06000 -153.30240 -143.57060 -131.34770 -117.30210 -103.27430 -89.331100 -74.767700
-25.307300 -62.218000 -105.38290 -190.83770 -202.75090 1142.4056 1142.4056 1142.4056 1142.4056 1142.4056 1142.4056 1142.4056 137.32990 192.93080 153.36910 133.13250 152.56440 274.51200 265.58200 83.577400 145.67360 264.64650 387.25360 343.01510 247.93540 123.42650 -134.47090 -303.24540 -341.86530 -323.45820 -281.90290 -254.30370 -249.88180 -245.28490 -242.89750 -247.64510 -259.63570 -269.13540 -257.19450 -236.92240 -241.29470 -243.84000 -235.09670 -223.30460 -209.66820 -201.77020 -201.48510 -191.50520 -182.45190 -173.07750 -162.24000 -152.06120 -141.91100 -129.73430 -115.19120 -101.78290 -88.216700 -73.189200
0.08880000 -7.8073000 -60.635400 -117.05160 -160.16830 1142.4056 1142.4056 1142.4056 1142.4056 1142.4056 1142.4056 60.322100 209.06480 276.33810 294.54630 304.42730 274.37100 355.16840 358.99840 231.70550 126.44280 179.00980 228.13970 208.21210 153.75010 44.204900 -91.464900 -251.73620 -328.92280 -308.82890 -257.91030 -224.54260 -246.43270 -268.75900 -256.50540 -253.21340 -267.38520 -277.78560 -262.92280 -250.94840 -262.97210 -270.56790 -265.27110 -243.59010 -226.83180 -213.86310 -210.66240 -199.40910 -187.87820 -175.57970 -163.68120 -153.25510 -141.65390 -128.94800 -116.37620 -104.07370 -90.911400 -74.643300
37.959200 22.100200 -21.733100 -71.221600 -121.87560 1142.4056 1142.4056 1142.4056 1142.4056 1142.4056 1142.4056 70.735500 175.41200 240.57400 321.25290 372.17890 409.71760 417.29310 352.33560 286.13130 152.60260 99.992500 104.84310 91.874500 99.387300 85.024800 -45.070000 -199.22530 -269.79650 -296.31890 -269.80820 -252.29680 -226.46630 -225.52300 -239.57520 -249.31940 -253.16490 -244.61780 -225.01480 -228.54160 -257.15450 -268.14710 -265.19300 -252.69530 -236.96270 -222.93760 -213.03220 -201.77410 -187.67080 -173.84890 -160.44950 -149.91210 -138.48020 -127.05760 -117.80930 -109.43380 -95.117500 -77.044900
81.061600 26.415500 -4.5463000 -41.497400 -83.737600 -97.224000 1142.4056 1142.4056 1142.4056 1142.4056 1142.4056 26.149600 72.541700 107.00610 172.11580 232.69060 274.85870 282.32420 290.73450 293.52160 234.23150 157.94250 101.76300 104.44500 77.132700 18.149200 -35.510200 -75.057000 -152.07200 -276.44840 -293.97520 -297.55280 -220.84320 -220.76650 -259.42780 -250.52720 -239.24280 -226.21000 -214.25600 -209.99490 -228.39640 -238.85180 -241.10610 -240.99100 -228.86220 -214.09930 -203.10620 -192.11710 -180.98750 -167.89290 -156.11290 -141.89050 -133.02310 -122.63850 -115.11220 -108.25800 -98.795400 -84.630500
104.79360 5.0411000 -38.723700 -51.964600 -64.493300 1142.4056 1142.4056 1142.4056 1142.4056 1142.4056 1142.4056 -8.0575000 33.750200 81.759500 180.67390 172.82900 170.68380 150.70250 177.57050 251.29120 222.72160 169.96900 130.90360 105.69580 68.386400 18.047700 -2.5694000 -43.568500 -105.13440 -198.96040 -280.18000 -287.59880 -266.41460 -264.08980 -275.87370 -258.26550 -239.28880 -221.21510 -204.58080 -199.70550 -211.40240 -218.70790 -224.66510 -225.69080 -220.54910 -209.96970 -200.26960 -186.87430 -178.69960 -169.58330 -156.17190 -142.37070 -132.41950 -124.20820 -113.78560 -105.17720 -96.909500 -84.668800
65.115000 -53.321600 -121.27210 -117.44500 0.0000000 1142.4056 1142.4056 1142.4056 1142.4056 -30.363100 -26.989900 2.6856000 106.81130 272.47160 377.60490 331.88650 241.63890 171.04980 138.33350 118.12840 97.921400 89.939300 104.61130 86.572900 58.713200 5.7445000 -17.090500 15.316100 -45.111300 -103.96280 -192.48190 -252.36060 -295.93220 -311.59680 -302.02270 -274.51410 -242.67510 -212.07860 -191.44700 -187.10220 -197.60300 -209.40670 -215.95010 -217.72680 -217.72440 -215.31510 -205.63140 -193.86310 -184.34570 -172.15600 -158.54340 -147.28960 -138.38820 -128.00910 -117.77500 -106.84870 -94.754900 -84.516400
-15.189700 -84.877000 -126.43780 -143.12620 1142.4056 1142.4056 -50.935500 -16.499400 -4.0273000 -3.0649000 -5.0739000 38.511200 166.62790 406.55430 494.72690 453.55720 389.34330 318.20570 216.36700 125.82900 59.799700 90.429400 126.14770 94.726600 45.880000 77.497800 119.42570 140.12370 43.195900 -55.009000 -160.69700 -229.45390 -272.31010 -303.37710 -311.22260 -287.73890 -244.56560 -207.13880 -176.09670 -164.86690 -173.40560 -199.65530 -211.61990 -216.99710 -216.14170 -214.74140 -209.32560 -199.76670 -190.50520 -177.54140 -163.55610 -150.06070 -138.32910 -130.45470 -122.04950 -112.03280 -101.15750 -91.980700
-50.430500 -86.157500 -111.46630 1142.4056 1142.4056 0.0000000 -54.142000 -23.121000 -5.6755000 -5.0248000 -12.671200 14.405900 123.31680 271.67420 375.59480 383.73470 415.44700 381.43690 305.56370 154.76770 109.89050 87.026700 128.09030 107.10920 75.221700 139.05500 213.54450 225.11560 108.87220 -37.660700 -134.74330 -186.53410 -200.06110 -239.69750 -257.47360 -256.22800 -218.42780 -183.11880 -151.12910 -119.26790 -133.34310 -165.39210 -196.35590 -212.70140 -212.65290 -211.78650 -209.47770 -200.26520 -193.18190 -178.14840 -164.51910 -150.18050 -140.38720 -133.00360 -126.21720 -118.81110 -111.56570 -104.68820
