data/area_fd.asc
ncols 259
nrows 304
xllcenter -54500
yllcenter 6099500
cellsize 1000.00
nodata_value  2145.10
[rows 261 to 289 of 304, columns 134 to 200 of 259]
0.00000 0.00000 0.53000 1.00000 1.30000 1.46000 1.52000 1.52000 1.46000 1.30000 1.00000 0.53000 0.00000 5.53000 11.6700 17.9400 25.0000 34.0300 46.4300 63.3800 85.4600 111.270 137.280 162.200 185.310 203.870 216.610 222.970 223.870 221.310 217.140 210.190 200.720 192.120 183.100 175.890 170.930 168.480 168.160 169.110 170.580 171.140 174.940 177.110 177.450 177.130 174.650 168.290 157.130 141.450 122.170 102.040 82.3800 63.9200 48.0600 35.8400 26.8500 20.2800 15.0800 10.3500 5.53000 0.69000 0.00000 0.00000 0.00000 0.00000 0.00000
0.00000 0.00000 0.00000 0.00000 0.00000 0.00000 0.00000 0.00000 0.00000 0.00000 0.00000 0.00000 0.00000 3.89000 10.0200 16.3700 23.4400 32.1300 43.4700 58.3100 76.9500 97.8800 118.250 138.480 156.030 169.730 179.810 186.950 192.000 195.690 198.490 198.640 195.010 190.850 186.870 183.540 180.760 178.290 175.810 173.100 170.020 167.090 164.920 159.900 153.530 147.420 141.150 134.020 125.160 113.870 99.8900 84.5200 69.9600 55.0000 41.6800 31.0700 22.9700 16.7500 11.7000 7.17000 2.78000 0.00000 0.00000 0.00000 0.00000 0.00000 0.00000
0.00000 0.00000 0.00000 0.00000 0.00000 0.00000 0.00000 0.00000 0.00000 0.00000 0.00000 0.00000 0.00000 1.79000 7.40000 12.9800 19.0300 26.4400 36.2500 49.1800 65.2900 82.9200 98.8800 114.410 126.330 134.980 141.900 149.050 157.490 167.130 177.290 185.480 189.180 189.390 190.440 191.100 190.710 188.470 184.060 177.760 170.030 163.380 154.350 142.000 128.980 117.540 108.240 101.100 95.0200 88.1800 79.1200 67.7600 57.1100 45.1300 34.0700 25.1400 18.3200 13.1500 8.90000 4.96000 1.00000 0.00000 0.00000 0.00000 0.00000 0.00000 0.00000
0.00000 0.00000 0.00000 0.00000 0.00000 0.00000 0.00000 0.00000 0.00000 0.00000 0.00000 0.00000 0.10000 0.63000 4.50000 8.99000 13.5000 19.2200 27.4700 38.8600 52.5800 66.9900 80.3000 92.6100 100.900 105.150 108.730 115.180 126.190 140.690 155.480 168.810 179.170 186.370 193.880 199.250 201.910 200.070 193.300 182.730 169.200 156.180 140.650 123.160 105.460 89.3600 77.6500 71.2000 68.3300 65.6700 60.3000 52.1400 43.8900 34.7700 25.8400 18.3000 12.7700 8.88000 5.77000 2.63000 0.00000 0.00000 0.00000 0.00000 0.00000 0.00000 0.00000
0.00000 0.00000 0.00000 0.00000 0.00000 0.00000 0.00000 0.00000 0.00000 0.00000 0.00000 0.00000 0.18000 0.68000 1.80000 5.19000 7.95000 11.8100 18.7100 28.8500 40.9700 53.5600 65.2800 75.0100 80.0800 80.9000 80.6200 85.6700 98.8100 116.810 135.630 154.210 170.220 183.360 196.230 208.590 216.220 214.900 203.940 186.820 168.660 149.740 128.480 105.710 83.6800 63.7500 49.7100 44.6500 45.8400 46.9600 45.0900 39.5500 32.8900 25.5800 18.1700 11.8000 7.39000 4.85000 2.93000 0.53000 0.00000 0.00000 0.00000 0.00000 0.00000 0.00000 0.00000
0.00000 0.00000 0.00000 0.00000 0.00000 0.00000 0.00000 0.00000 0.00000 0.00000 0.00000 0.00000 0.23000 0.70000 1.05000 2.28000 3.36000 5.40000 11.5700 20.8400 31.7700 42.9400 53.5900 62.0100 65.4300 63.3000 57.9600 61.0000 77.3700 98.2600 119.960 141.930 162.060 180.080 198.530 217.730 233.970 233.230 214.330 190.950 167.430 143.670 118.180 91.8300 66.5200 43.0200 25.1000 22.0600 28.9500 33.6800 33.8800 29.8400 24.3200 18.4300 12.2100 6.75000 3.07000 1.78000 0.87000 0.00000 0.00000 0.00000 0.00000 0.00000 0.00000 0.00000 0.00000
0.00000 0.00000 0.00000 0.00000 0.00000 0.00000 0.00000 0.00000 0.00000 0.00000 0.00000 0.00000 0.24000 0.70000 1.01000 1.02000 0.96000 1.81000 7.54000 15.5500 24.9900 34.7000 44.4500 52.5300 56.1800 54.0800 45.2100 46.6300 65.9500 86.6900 108.540 131.440 153.520 174.390 196.570 220.980 248.230 247.900 218.360 190.260 163.250 136.840 109.480 82.0800 56.2600 32.1500 10.0700 8.64000 20.2800 25.7500 26.0700 22.4800 17.7900 13.1600 8.23000 3.90000 0.87000 0.34000 0.00000 0.00000 0.00000 0.00000 0.00000 0.00000 0.00000 0.00000 0.00000
0.00000 0.00000 0.00000 0.00000 0.00000 0.00000 0.00000 0.00000 0.00000 0.00000 0.00000 0.00000 0.23000 0.70000 1.05000 1.17000 1.09000 2.33000 6.17000 12.3000 19.9100 28.0500 36.7800 45.0000 50.0700 51.1200 49.3400 52.1900 64.2000 80.9300 100.210 121.670 143.280 164.270 186.430 208.700 227.250 226.680 206.230 180.700 154.190 128.110 101.560 75.7600 52.5100 32.4300 18.0400 15.1800 19.3500 21.6600 20.5500 16.6700 12.6500 9.13000 5.52000 2.52000 0.67000 0.00000 0.00000 0.00000 0.00000 0.00000 0.00000 0.00000 0.00000 0.00000 0.00000
0.00000 0.00000 0.00000 0.00000 0.00000 0.00000 0.00000 0.00000 0.00000 0.00000 0.00000 0.00000 0.18000 0.68000 1.12000 1.45000 1.76000 2.38000 4.71000 9.44000 15.4300 22.0800 29.5600 37.8700 44.2500 48.1900 50.9300 55.2300 63.7200 76.6300 92.5700 111.190 130.460 149.210 168.010 184.270 195.390 194.770 181.840 162.660 140.030 116.790 93.1900 70.6900 51.2300 35.5500 25.3900 21.0900 20.0200 18.8400 15.9900 11.5600 8.23000 5.57000 2.96000 0.83000 0.00000 0.00000 0.00000 0.00000 0.00000 0.00000 0.00000 0.00000 0.00000 0.00000 0.00000
0.00000 0.00000 0.00000 0.00000 0.00000 0.00000 0.00000 0.00000 0.00000 0.00000 0.00000 0.00000 0.10000 0.63000 1.15000 1.63000 2.16000 2.92000 4.12000 5.88000 10.6900 16.1000 22.0600 30.1600 36.9700 42.2600 46.9400 52.2400 59.5800 69.8900 83.3100 98.7600 114.770 130.000 143.620 155.940 163.010 162.250 153.440 138.890 121.900 102.790 83.2000 64.5200 48.3200 36.0100 27.5200 22.2100 18.6800 15.4000 11.3700 6.50000 4.01000 1.95000 0.00000 0.00000 0.00000 0.00000 0.00000 0.00000 0.00000 0.00000 0.00000 0.00000 0.00000 0.00000 0.00000
0.00000 0.00000 0.00000 0.00000 0.00000 0.00000 0.00000 0.00000 0.00000 0.00000 0.00000 0.00000 0.00000 0.52000 1.06000 1.62000 2.25000 3.06000 4.17000 5.70000 7.69000 10.0300 14.1400 21.3900 27.8700 33.5600 38.8400 44.4500 51.2700 60.0500 71.2000 83.8300 96.6400 109.290 119.490 127.200 131.170 130.370 124.650 114.860 102.120 86.6100 71.0500 55.9800 42.8900 32.6900 25.1100 19.5000 14.9800 10.7200 6.17000 1.36000 0.00000 0.00000 0.00000 0.00000 0.00000 0.00000 0.00000 0.00000 0.00000 0.00000 0.00000 0.00000 0.00000 0.00000 0.00000
0.00000 0.00000 0.00000 0.00000 0.00000 0.00000 0.00000 0.00000 0.00000 0.00000 0.00000 0.00000 0.00000 0.34000 0.88000 1.44000 2.06000 2.82000 3.82000 5.12000 6.75000 8.59000 10.3800 14.2500 19.0800 23.7000 28.3800 33.6800 40.2200 48.5300 58.8000 70.0600 80.7000 89.2500 95.2400 99.1200 100.730 99.9600 96.7400 91.0000 82.8400 72.1100 59.6800 46.9200 35.5600 26.5100 19.5900 14.2900 9.98000 6.11000 2.37000 0.00000 0.00000 0.00000 0.00000 0.00000 0.00000 0.00000 0.00000 0.00000 0.00000 0.00000 0.00000 0.00000 0.00000 0.00000 0.00000
0.00000 0.00000 0.00000 0.00000 0.00000 0.00000 0.00000 0.00000 0.00000 0.00000 0.00000 0.00000 0.00000 0.12000 0.61000 1.09000 1.61000 2.25000 3.09000 4.18000 5.54000 7.01000 8.32000 10.0800 13.9700 17.5600 21.2300 25.6500 31.4100 38.8100 47.7400 57.0400 64.8200 69.7100 71.8500 72.2900 71.8400 71.2000 70.3000 68.2800 64.2900 57.8000 49.7100 40.3700 31.4900 24.1600 18.4500 14.0400 10.3100 6.66000 2.71000 0.99000 0.10000 0.19000 0.25000 0.28000 0.29000 0.29000 0.28000 0.25000 0.19000 0.10000 0.00000 0.00000 0.00000 0.00000 0.00000
0.00000 0.00000 0.00000 0.00000 0.00000 0.00000 0.00000 0.00000 0.00000 0.00000 0.00000 0.00000 0.00000 0.00000 0.32000 0.71000 1.09000 1.57000 2.25000 3.17000 4.27000 5.39000 6.31000 6.86000 9.23000 11.7100 14.1500 17.4700 22.4000 29.0400 36.5300 43.7600 49.2600 51.9500 51.7400 49.4500 47.2600 46.7800 47.9100 48.8900 49.1100 46.8000 41.6700 34.7400 27.4700 21.0000 16.1400 12.8300 10.3100 7.67000 5.22000 4.52000 3.36000 1.95000 0.56000 0.55000 0.54000 0.54000 0.55000 0.56000 0.52000 0.44000 0.30000 0.15000 0.00000 0.00000 0.00000
0.00000 0.00000 0.00000 0.00000 0.00000 0.00000 0.00000 0.00000 0.00000 0.00000 0.00000 0.00000 0.00000 0.00000 0.070000 0.36000 0.60000 0.91000 1.45000 2.23000 3.14000 4.04000 4.70000 4.95000 5.24000 6.78000 7.94000 10.1100 14.3500 20.2900 26.7800 32.7600 36.6900 37.5500 35.5100 31.2200 27.3400 27.0300 30.7400 35.5000 38.4700 38.6500 35.5600 30.0200 23.5600 17.3200 12.7600 10.5900 9.82000 8.73000 8.61000 8.12000 6.77000 4.91000 2.99000 1.35000 0.66000 0.66000 0.75000 0.83000 0.84000 0.77000 0.62000 0.42000 0.22000 0.060000 0.00000
0.00000 0.00000 0.00000 0.00000 0.00000 0.00000 0.00000 0.00000 0.00000 0.00000 0.00000 0.00000 0.00000 0.00000 0.00000 0.11000 0.22000 0.38000 0.83000 1.50000 2.26000 2.99000 3.47000 3.57000 3.24000 3.26000 3.23000 4.34000 8.28000 13.6600 19.2800 24.2100 27.1000 27.0300 24.0200 18.3500 12.2900 12.6200 19.4700 26.5400 31.4300 33.3400 31.7500 27.1800 20.8900 13.9300 8.17000 7.12000 9.10000 10.8900 12.1400 11.9600 10.3600 7.84000 5.10000 2.68000 1.06000 0.57000 0.84000 1.08000 1.18000 1.13000 0.95000 0.69000 0.41000 0.19000 0.050000
0.00000 0.00000 0.00000 0.00000 0.00000 0.00000 0.00000 0.00000 0.00000 0.00000 0.00000 0.00000 0.00000 0.00000 0.00000 0.00000 0.040000 0.11000 0.48000 1.01000 1.62000 2.18000 2.56000 2.61000 2.30000 1.62000 0.90000 1.34000 4.95000 9.32000 13.8300 17.7300 19.9500 19.7300 16.9900 11.7300 4.56000 4.87000 14.1000 21.9700 27.7000 30.7300 30.3500 26.7000 20.6700 12.9400 4.35000 3.95000 9.91000 14.2700 16.4700 16.5100 14.5300 11.1900 7.41000 3.83000 1.00000 0.62000 0.99000 1.41000 1.59000 1.56000 1.34000 0.99000 0.62000 0.29000 0.27000
0.00000 0.00000 0.00000 0.00000 0.00000 0.00000 0.00000 0.00000 0.00000 0.00000 0.00000 0.00000 0.00000 0.00000 0.00000 0.00000 0.00000 0.080000 0.31000 0.68000 1.12000 1.55000 1.85000 1.93000 1.76000 1.38000 0.94000 1.51000 3.53000 6.47000 9.72000 12.6500 14.4300 14.5300 12.9300 10.5000 7.88000 8.74000 14.4800 21.1600 26.8400 30.6100 31.4000 28.9600 23.9500 17.1900 10.8900 10.4100 15.4800 20.1600 22.5500 22.4300 19.8500 15.6200 10.8900 6.47000 3.29000 2.35000 2.18000 1.98000 2.18000 2.12000 1.83000 1.38000 0.92000 1.03000 1.30000
0.00000 0.00000 0.00000 0.00000 0.00000 0.00000 0.00000 0.00000 0.00000 0.00000 0.00000 0.00000 0.00000 0.00000 0.00000 0.00000 0.00000 0.00000 0.10000 0.36000 0.68000 1.01000 1.26000 1.38000 1.36000 1.22000 1.09000 1.09000 1.93000 3.89000 6.13000 8.28000 9.78000 10.2700 10.1800 10.7300 11.0900 12.9400 17.1000 22.6800 28.2400 32.7500 34.9200 34.1600 31.0100 26.3700 22.9500 23.1400 26.3300 29.8000 31.3300 30.3700 26.8600 21.6800 16.1800 11.2300 7.71000 5.86000 4.76000 3.32000 3.03000 2.87000 2.47000 1.92000 1.68000 2.64000 3.46000
0.00000 0.00000 0.00000 0.00000 0.00000 0.00000 0.00000 0.00000 0.00000 0.00000 0.00000 0.00000 0.00000 0.00000 0.00000 0.00000 0.00000 0.00000 0.00000 0.00000 0.24000 0.49000 0.71000 0.85000 0.91000 0.91000 0.88000 0.88000 0.91000 0.91000 2.52000 4.14000 5.43000 6.18000 8.27000 10.5100 12.6200 15.4500 19.6400 25.1900 31.2900 36.9400 40.9200 42.4200 41.7000 40.7700 39.7200 40.0100 41.7100 43.4500 43.3600 40.7900 35.8700 29.5500 23.1200 17.5000 13.3300 10.5000 8.36000 6.19000 4.20000 3.86000 3.30000 2.61000 3.52000 4.83000 6.28000
0.00000 0.00000 0.00000 0.00000 0.00000 0.00000 0.00000 0.00000 0.00000 0.00000 0.00000 0.00000 0.00000 0.00000 0.00000 0.00000 0.00000 0.00000 0.00000 0.00000 0.00000 0.00000 0.17000 0.31000 0.41000 0.46000 0.48000 0.48000 0.46000 0.41000 0.31000 0.17000 1.16000 2.91000 6.45000 9.66000 12.8900 16.6600 21.5000 27.6700 35.0900 42.8000 49.4000 54.9100 58.2000 59.8100 60.4600 60.8500 61.0300 60.3900 58.2300 53.6900 46.7300 38.5500 30.8000 24.4200 19.4900 15.7100 12.5800 9.58000 6.37000 5.09000 4.29000 3.99000 5.53000 7.22000 9.25000
0.00000 0.00000 0.00000 0.00000 0.00000 0.00000 0.00000 0.00000 0.00000 0.00000 0.00000 0.00000 0.00000 0.00000 0.00000 0.00000 0.00000 0.00000 0.00000 0.00000 0.00000 0.00000 0.00000 0.00000 0.00000 0.00000 0.00000 0.00000 0.00000 0.00000 0.00000 0.00000 0.00000 2.03000 5.22000 8.53000 12.2100 16.7400 22.6500 30.3900 40.1000 51.0100 61.6200 70.7100 77.5600 82.3300 84.9300 85.4000 83.7800 80.1500 74.6300 66.8800 57.3500 47.3600 38.3200 31.0400 25.3600 20.8300 16.9200 13.1600 9.29000 6.35000 5.25000 5.80000 7.42000 9.34000 11.7600
0.00000 0.00000 0.00000 0.00000 0.00000 0.00000 0.00000 0.00000 0.00000 0.00000 0.00000 0.00000 0.00000 0.00000 0.00000 0.00000 0.00000 0.00000 0.00000 0.00000 0.00000 0.00000 0.00000 0.00000 0.00000 0.00000 0.00000 0.00000 0.00000 0.00000 0.00000 0.00000 0.64000 4.29000 7.88000 11.3700 15.1800 19.9700 26.5100 35.3800 46.8600 60.2000 77.7800 94.2500 107.120 116.460 121.610 122.100 118.020 109.950 98.6300 83.9200 67.1500 54.5400 43.7500 35.5000 29.3300 24.5400 20.3600 16.2500 11.9700 7.59000 6.14000 7.24000 8.68000 10.4600 12.8500
0.00000 0.00000 0.00000 0.00000 0.00000 0.00000 0.00000 0.00000 0.00000 0.00000 0.00000 0.00000 0.00000 0.00000 0.00000 0.00000 0.00000 0.00000 0.00000 0.00000 0.00000 0.00000 0.00000 0.00000 0.00000 0.00000 0.00000 0.00000 0.00000 0.00000 0.92000 1.89000 3.33000 7.04000 10.3000 13.1300 16.2100 20.7500 27.9300 38.4400 57.8800 80.0300 102.360 122.600 139.080 151.250 158.130 158.600 152.780 141.980 126.310 107.120 85.8400 64.9300 46.8700 37.6300 31.2700 26.7300 22.8300 18.7400 14.0900 9.14000 7.21000 8.11000 9.19000 10.4500 12.3300
0.00000 0.00000 0.00000 0.00000 0.00000 0.00000 0.00000 0.00000 0.00000 0.00000 0.00000 0.00000 0.00000 0.00000 0.00000 0.00000 0.00000 0.00000 0.00000 0.00000 0.00000 0.00000 0.00000 0.00000 0.00000 0.00000 0.00000 0.00000 0.39000 1.39000 2.62000 3.87000 5.92000 9.34000 11.8500 13.2800 14.6200 18.2900 28.8600 47.7600 71.5500 98.5300 125.150 148.570 168.280 182.370 190.600 190.980 183.320 169.660 150.630 128.260 102.970 77.7600 56.2300 39.7300 30.8900 27.2200 24.1500 20.3300 15.5500 10.3600 7.98000 8.43000 8.93000 9.30000 10.0500
0.00000 0.00000 0.00000 0.00000 0.00000 0.00000 0.00000 0.00000 0.00000 0.00000 0.00000 0.00000 0.00000 0.00000 0.00000 0.00000 0.00000 0.00000 0.00000 0.00000 0.00000 0.00000 0.00000 0.00000 0.00000 0.00000 0.00000 0.32000 1.18000 2.59000 4.29000 5.95000 8.44000 11.5200 12.9800 12.2300 10.0500 14.3600 30.4100 54.6700 84.0500 116.120 146.480 171.730 191.930 206.090 214.340 214.260 205.990 191.910 172.060 147.680 118.780 88.9700 62.8800 42.6800 30.3800 26.0700 24.5000 21.1900 16.4400 11.1000 8.39000 8.45000 8.33000 7.53000 6.22000
2145.10 0.00000 0.00000 0.00000 0.00000 0.00000 0.00000 0.00000 0.00000 0.00000 0.00000 0.00000 0.00000 0.00000 0.00000 0.00000 0.00000 0.00000 0.00000 0.00000 0.00000 0.00000 0.00000 0.00000 0.00000 0.00000 0.16000 0.41000 1.83000 3.87000 6.18000 8.36000 11.2100 14.1100 14.8000 12.2600 6.44000 9.11000 33.2300 63.7200 98.5100 134.940 167.850 193.230 211.180 221.490 224.700 224.570 220.600 209.790 191.640 166.690 135.080 101.130 70.3700 45.4800 28.3300 25.6600 24.5000 21.4500 16.7400 11.3400 8.51000 8.41000 8.02000 6.54000 4.27000
2145.10 2145.10 2145.10 2145.10 2145.10 2145.10 2145.10 2145.10 2145.10 2145.10 2145.10 2145.10 2145.10 0.00000 0.00000 0.00000 0.00000 0.00000 0.00000 0.00000 0.00000 0.00000 0.00000 0.00000 0.00000 0.41000 0.84000 1.44000 3.17000 5.74000 8.66000 11.4300 14.6300 17.7800 18.6400 19.2500 18.4200 24.6100 47.6200 80.6100 118.480 157.640 191.860 216.460 231.530 236.380 234.700 234.320 234.700 228.360 212.420 187.570 154.110 117.130 83.1600 55.5000 37.6600 31.4600 27.1300 21.1900 16.4400 11.1000 8.39000 8.45000 8.33000 10.8400 13.0300
2145.10 2145.10 2145.10 2145.10 2145.10 2145.10 2145.10 2145.10 2145.10 2145.10 2145.10 2145.10 2145.10 2145.10 2145.10 2145.10 2145.10 2145.10 2145.10 2145.10 2145.10 2145.10 2145.10 2145.10 0.25000 1.38000 2.28000 3.47000 5.55000 8.54000 12.0200 15.4600 19.0800 23.0200 26.6000 33.8800 39.7100 51.0700 73.8300 106.970 145.860 186.410 221.540 246.140 260.130 263.110 261.130 260.310 260.280 254.610 238.780 213.050 177.700 138.380 102.310 72.9800 53.2700 41.9100 33.0300 21.9400 15.5500 10.3600 7.98000 8.43000 10.9600 20.5100 28.6000
