data/area_grres.asc
ncols 259
nrows 304
xllcenter -54500
yllcenter 6099500
cellsize 1000.00
nodata_value  23.5636
[rows 58 to 86 of 304, columns 66 to 131 of 259]
7.76340 8.09060 8.49610 8.95350 9.45440 9.98900 10.5364 11.0748 11.5972 12.0928 12.5507 12.9733 13.3100 13.5286 13.5759 13.3956 12.9641 12.1803 11.2201 10.2296 9.19610 8.15230 7.10700 6.04270 5.07020 4.32210 3.71500 3.21770 2.80640 2.46270 2.13980 1.77710 1.39850 1.00580 0.60470 0.19580 -0.20330 -0.58270 -0.91930 -1.19450 -1.38510 -1.47180 -1.42430 -1.21730 -0.81620 -0.22600 0.69870 2.13650 3.98380 6.32160 8.77510 10.9757 12.9849 14.8273 16.2457 16.9049 17.0626 16.8693 16.3113 15.3723 14.2116 12.9767 11.6869 10.3965 9.14830 7.95780
6.59190 6.89430 7.27790 7.76610 8.31470 8.88890 9.48400 10.0915 10.6882 11.2501 11.7702 12.2551 12.6405 12.8665 12.9272 12.8166 12.4747 11.7840 10.9110 9.97820 8.99930 8.03550 7.06630 6.05050 5.11150 4.38060 3.79260 3.34740 2.98080 2.63280 2.29070 1.91970 1.52530 1.09460 0.64790 0.19820 -0.24590 -0.68160 -1.07860 -1.41350 -1.66310 -1.80340 -1.81440 -1.67770 -1.36370 -0.93400 -0.096100 1.52080 3.62010 6.18320 8.74760 10.7529 12.4740 14.0947 15.3272 15.8560 15.9486 15.7836 15.3126 14.5019 13.4859 12.3774 11.2072 10.0200 8.88720 7.88870
5.28990 5.59230 5.97510 6.47100 7.04300 7.67160 8.33700 9.02200 9.69890 10.3419 10.9277 11.4351 11.8305 12.0776 12.1629 12.0659 11.7716 11.2290 10.5261 9.71980 8.85220 7.98950 7.11680 6.21100 5.36340 4.66800 4.09410 3.66930 3.31290 2.95310 2.59040 2.20420 1.78650 1.31360 0.81160 0.29380 -0.22620 -0.74300 -1.21820 -1.61690 -1.92250 -2.11400 -2.16940 -2.06880 -1.78490 -1.36740 -0.56670 0.92030 2.88230 5.37870 7.90080 9.89590 11.5560 12.9193 13.8948 14.3500 14.4471 14.3065 13.9221 13.3043 12.5251 11.6537 10.7081 9.69990 8.71780 7.85600
3.94590 4.24690 4.62670 5.12020 5.71060 6.41150 7.16610 7.92820 8.67950 9.40090 10.0477 10.5668 10.9641 11.2386 11.3584 11.2788 11.0374 10.6541 10.1375 9.48190 8.74960 8.00010 7.23660 6.46680 5.73660 5.09290 4.54040 4.12740 3.76970 3.39740 3.01490 2.60940 2.16300 1.64440 1.08160 0.48480 -0.12310 -0.72980 -1.29230 -1.76790 -2.14210 -2.39460 -2.49900 -2.42980 -2.16340 -1.71600 -0.94260 0.30980 2.00030 4.31930 6.72550 8.72400 10.3665 11.5026 12.2442 12.6225 12.7286 12.6670 12.4280 12.0247 11.4933 10.8729 10.1671 9.36170 8.54960 7.81930
2.62820 2.88950 3.23190 3.72130 4.34530 5.15320 6.02650 6.85720 7.66320 8.44710 9.14730 9.69390 10.1158 10.4281 10.6031 10.6085 10.4726 10.2129 9.82900 9.30810 8.70580 8.06660 7.41180 6.77450 6.16450 5.59590 5.08850 4.69070 4.33080 3.95380 3.55750 3.12780 2.64540 2.07590 1.45000 0.77660 0.086400 -0.59810 -1.24270 -1.81560 -2.28640 -2.62340 -2.79870 -2.77870 -2.54900 -2.10100 -1.38400 -0.38980 1.01800 3.18990 5.49240 7.39160 8.93830 9.96720 10.5924 10.7847 10.8090 11.0107 11.1193 10.9376 10.5909 10.1329 9.58140 8.95150 8.30560 7.71040
1.45790 1.68540 1.98940 2.45660 3.09620 4.01150 5.00800 5.90850 6.76450 7.58910 8.32050 8.88760 9.33200 9.67730 9.90630 10.0088 9.98690 9.83390 9.56490 9.18170 8.71790 8.19420 7.65150 7.14420 6.65280 6.16650 5.71290 5.33410 4.97520 4.60010 4.19560 3.74220 3.22230 2.60160 1.91030 1.15460 0.37330 -0.40250 -1.14380 -1.82730 -2.40450 -2.82820 -3.07140 -3.09400 -2.88860 -2.42370 -1.73160 -0.91190 0.26860 2.21530 4.31190 6.06300 7.51080 8.51820 9.12770 9.18860 9.14450 9.54820 9.92170 9.90550 9.69740 9.36360 8.93900 8.47190 7.98840 7.52990
0.56140 0.78520 1.06150 1.45530 2.05240 3.05710 4.18020 5.18490 6.11780 6.95210 7.67080 8.23550 8.68370 9.04320 9.30480 9.47270 9.53500 9.47050 9.31120 9.08470 8.78380 8.39000 7.96540 7.57890 7.19270 6.78030 6.37780 6.02800 5.68380 5.32020 4.91430 4.43820 3.88110 3.21710 2.46390 1.61410 0.71780 -0.19340 -1.07150 -1.87710 -2.55330 -3.03570 -3.30770 -3.33730 -3.10700 -2.56520 -1.78240 -0.82840 0.34630 1.83990 3.43700 4.99040 6.39330 7.51080 8.28070 8.45940 8.45720 8.69790 8.89800 8.88460 8.75050 8.51930 8.22620 7.91170 7.58460 7.27330
-0.010100 0.26460 0.55620 0.88500 1.42260 2.46770 3.65920 4.72430 5.69610 6.50690 7.18620 7.73210 8.17100 8.52600 8.80500 9.03500 9.18140 9.20230 9.14710 9.06490 8.91490 8.64800 8.33800 8.05660 7.76110 7.42020 7.07130 6.75440 6.43050 6.08390 5.68400 5.19960 4.61640 3.90410 3.07970 2.13100 1.11470 0.059900 -0.96300 -1.89360 -2.67280 -3.22680 -3.53970 -3.57720 -3.32000 -2.70710 -1.82890 -0.70240 0.51260 1.58960 2.71120 4.06400 5.40870 6.61690 7.54090 7.88840 7.96450 7.98080 7.92550 7.86860 7.77540 7.62510 7.44600 7.25890 7.06530 6.88850
-0.11180 0.31570 0.71400 1.04560 1.53780 2.52680 3.64890 4.64070 5.53830 6.27830 6.89700 7.40510 7.81640 8.12990 8.40140 8.71860 8.98550 9.11520 9.16740 9.18380 9.13140 8.97190 8.76240 8.55600 8.32650 8.05880 7.77240 7.48920 7.18740 6.86380 6.48440 6.03190 5.45350 4.66990 3.74300 2.69300 1.56570 0.38630 -0.76270 -1.80630 -2.69700 -3.38080 -3.80250 -3.88260 -3.64010 -3.03300 -2.16550 -1.07480 0.079700 1.06190 2.06460 3.26580 4.47420 5.61190 6.51660 6.92650 7.06210 7.02790 6.91030 6.85110 6.78760 6.70010 6.60140 6.49500 6.38860 6.31560
0.10200 0.73960 1.29930 1.66960 2.11980 2.98790 3.95650 4.80890 5.58150 6.22980 6.78030 7.24310 7.62390 7.90090 8.16640 8.55280 8.91810 9.14470 9.29140 9.38240 9.40390 9.33970 9.22180 9.07880 8.90470 8.70230 8.47310 8.22170 7.94080 7.63530 7.27320 6.85630 6.28760 5.43360 4.40590 3.26020 2.03020 0.73990 -0.52530 -1.68640 -2.70020 -3.52970 -4.07790 -4.21440 -4.00160 -3.41750 -2.58370 -1.58330 -0.51000 0.48710 1.49060 2.57400 3.61570 4.54090 5.28240 5.72040 5.93660 5.92810 5.82850 5.78930 5.75420 5.71780 5.67830 5.62730 5.57910 5.57370
0.59920 1.51430 2.30070 2.73000 3.12050 3.78680 4.51170 5.17710 5.79930 6.35350 6.84460 7.26450 7.62740 7.92330 8.21670 8.60470 8.97970 9.25530 9.46560 9.61620 9.70560 9.73000 9.70100 9.62880 9.51370 9.35870 9.16550 8.93940 8.67280 8.36700 8.00070 7.59590 7.02400 6.11820 5.01550 3.78690 2.46330 1.07520 -0.30500 -1.62060 -2.79370 -3.76290 -4.42250 -4.61980 -4.43390 -3.83550 -2.99680 -2.07410 -1.08560 -0.10450 0.87750 1.90810 2.79520 3.26850 3.61160 4.09490 4.48810 4.58920 4.58430 4.60280 4.61240 4.62660 4.63640 4.63640 4.62970 4.63400
1.15740 2.30100 3.28600 3.80560 4.18040 4.66070 5.15060 5.63980 6.12100 6.58860 7.02650 7.40870 7.75960 8.08730 8.41420 8.78320 9.14070 9.44610 9.70370 9.90230 10.0482 10.1449 10.1891 10.1785 10.1146 9.99580 9.82880 9.62440 9.36820 9.05260 8.66810 8.24940 7.65740 6.71940 5.57130 4.27810 2.87970 1.41960 -0.048100 -1.49210 -2.80070 -3.88780 -4.64570 -4.90980 -4.76440 -4.16960 -3.33350 -2.46220 -1.52100 -0.51580 0.46940 1.42600 2.12090 2.11250 2.01700 2.46760 2.97200 3.18470 3.29920 3.39850 3.46810 3.52110 3.55740 3.58410 3.59300 3.57980
1.51470 2.67530 3.70730 4.37970 4.87820 5.30190 5.68000 6.08280 6.48540 6.89240 7.28580 7.64120 7.98220 8.32340 8.66720 9.02890 9.38410 9.71800 10.0163 10.2582 10.4489 10.5874 10.6711 10.6968 10.6652 10.5733 10.4286 10.2462 9.99960 9.66820 9.24880 8.76520 8.11650 7.18360 6.04480 4.71190 3.26530 1.77770 0.28400 -1.19230 -2.54540 -3.70320 -4.54130 -4.88370 -4.81260 -4.29530 -3.49990 -2.57810 -1.54590 -0.39390 0.64980 1.37970 1.73680 1.37720 0.94940 1.14390 1.49150 1.71500 1.92860 2.17840 2.39050 2.48790 2.52570 2.53190 2.50990 2.47140
1.75780 2.87200 3.90000 4.71200 5.35190 5.78070 6.11790 6.48040 6.83760 7.20180 7.56120 7.90290 8.24290 8.59520 8.95240 9.31440 9.67340 10.0300 10.3596 10.6376 10.8649 11.0333 11.1446 11.1985 11.1930 11.1241 10.9978 10.8302 10.5859 10.2354 9.77710 9.21740 8.50400 7.58130 6.46690 5.12280 3.66100 2.17230 0.68210 -0.78300 -2.13540 -3.32420 -4.21310 -4.62380 -4.63070 -4.20880 -3.47780 -2.52210 -1.42190 -0.17660 0.88780 1.40680 1.49620 0.96850 0.36890 0.28580 0.40260 0.60630 0.87500 1.17680 1.42770 1.49990 1.49250 1.46230 1.40850 1.34880
1.89090 3.00810 4.04850 4.89160 5.57140 6.04940 6.42300 6.77820 7.11100 7.44610 7.78290 8.12980 8.48470 8.84950 9.22060 9.59770 9.97260 10.3433 10.6901 10.9936 11.2511 11.4534 11.6000 11.6888 11.7153 11.6746 11.5654 11.3935 11.1328 10.7618 10.2726 9.65810 8.89390 7.94950 6.83630 5.52780 4.10750 2.63370 1.15510 -0.28460 -1.61270 -2.78450 -3.67160 -4.10830 -4.16070 -3.79690 -3.14480 -2.29700 -1.32820 -0.26320 0.65620 1.15170 1.30760 0.99980 0.57480 0.35430 0.28800 0.52250 0.78950 0.83150 0.76350 0.57780 0.38440 0.32310 0.29630 0.24930
1.90000 3.01340 4.05830 4.91410 5.62000 6.15360 6.57950 6.94830 7.27940 7.60510 7.93650 8.30220 8.68270 9.06710 9.45880 9.86230 10.2629 10.6514 11.0163 11.3453 11.6318 11.8659 12.0448 12.1652 12.2201 12.2045 12.1099 11.9304 11.6523 11.2652 10.7538 10.1012 9.30100 8.33460 7.22120 5.95810 4.59190 3.14350 1.68790 0.28760 -0.99870 -2.12780 -2.99120 -3.44830 -3.55200 -3.26270 -2.71860 -2.02630 -1.24190 -0.41610 0.32770 0.84570 1.14890 1.15280 1.00030 0.75710 0.57120 0.75070 0.88120 0.53390 0.060200 -0.33600 -0.64010 -0.72030 -0.72380 -0.75840
1.77540 2.85550 3.89790 4.83600 5.62620 6.15790 6.56460 6.94420 7.29270 7.63240 7.98170 8.37430 8.78650 9.20520 9.63300 10.0732 10.5109 10.9357 11.3369 11.7048 12.0272 12.2882 12.4891 12.6280 12.6979 12.6949 12.6083 12.4298 12.1492 11.7593 11.2433 10.5817 9.77540 8.81330 7.71080 6.46440 5.12040 3.69740 2.27520 0.92420 -0.30940 -1.37960 -2.21570 -2.72240 -2.92680 -2.78920 -2.41450 -1.87450 -1.22930 -0.53030 0.12410 0.61290 0.95280 1.09720 1.11440 1.06400 0.92490 0.74250 0.37610 -0.48050 -1.28590 -1.45320 -1.42370 -1.46510 -1.51150 -1.58700
1.50810 2.53940 3.56260 4.56360 5.42440 5.95760 6.35790 6.76700 7.15590 7.53600 7.92730 8.36030 8.81480 9.28130 9.75780 10.2432 10.7248 11.1931 11.6366 12.0455 12.4045 12.6933 12.9164 13.0736 13.1586 13.1688 13.0933 12.9242 12.6506 12.2636 11.7490 11.0888 10.2857 9.33240 8.24140 7.00530 5.67710 4.28260 2.89610 1.58770 0.39630 -0.62820 -1.44780 -2.00550 -2.30870 -2.32390 -2.11710 -1.72080 -1.20180 -0.60740 -0.028500 0.41910 0.76330 0.98130 1.10960 1.25000 1.18360 0.66900 -0.12550 -1.30660 -2.29210 -2.29130 -2.03670 -2.07590 -2.17170 -2.25540
1.07780 2.05080 3.02030 3.97790 4.82660 5.41630 5.89770 6.37630 6.83670 7.29560 7.76270 8.25600 8.76770 9.30100 9.84120 10.3764 10.9015 11.4119 11.8936 12.3347 12.7245 13.0481 13.3058 13.4949 13.6101 13.6491 13.6004 13.4580 13.2032 12.8166 12.2946 11.6254 10.8143 9.85680 8.76920 7.55030 6.24800 4.89010 3.53580 2.23820 1.04370 0.0032000 -0.84310 -1.43060 -1.78100 -1.87830 -1.77120 -1.48030 -1.07340 -0.60650 -0.13520 0.26690 0.59800 0.83090 0.96780 1.04250 0.93320 0.47520 -0.16860 -0.94870 -1.68990 -2.15200 -2.47960 -2.76020 -2.92480 -2.85990
0.50790 1.41570 2.32170 3.21030 4.02910 4.69430 5.28510 5.85060 6.39760 6.94950 7.50550 8.07100 8.65030 9.25760 9.86840 10.4634 11.0415 11.6002 12.1249 12.6023 13.0262 13.3874 13.6818 13.9031 14.0487 14.1177 14.0978 13.9844 13.7528 13.3756 12.8559 12.1851 11.3706 10.4098 9.32350 8.11700 6.83370 5.50350 4.17120 2.87290 1.66350 0.59370 -0.28770 -0.90200 -1.28790 -1.44410 -1.41170 -1.21030 -0.90310 -0.55050 -0.18020 0.16990 0.46960 0.68230 0.78910 0.75340 0.59220 0.29060 -0.092400 -0.44260 -0.94020 -1.89490 -2.80370 -3.18650 -3.28410 -3.08170
-0.19390 0.64230 1.49220 2.34330 3.16370 3.90800 4.60440 5.25900 5.89230 6.52730 7.16290 7.80410 8.45590 9.13110 9.81040 10.4825 11.1359 11.7579 12.3400 12.8730 13.3461 13.7465 14.0716 14.3139 14.4762 14.5645 14.5629 14.4635 14.2489 13.9022 13.4140 12.7663 11.9690 11.0196 9.93840 8.72850 7.43860 6.10380 4.76830 3.47140 2.26330 1.19500 0.30300 -0.34970 -0.79210 -1.01980 -1.07030 -0.96350 -0.74860 -0.46940 -0.16260 0.12750 0.37960 0.56500 0.66080 0.63110 0.48760 0.25240 -0.14180 -0.79340 -1.58600 -2.59820 -3.34340 -3.11980 -2.65040 -2.47250
-1.00110 -0.22970 0.57560 1.40440 2.23710 3.05280 3.84460 4.59020 5.31480 6.03510 6.75470 7.48330 8.21930 8.96740 9.71880 10.4748 11.2097 11.8982 12.5395 13.1299 13.6530 14.0915 14.4456 14.7066 14.8837 14.9885 15.0039 14.9198 14.7271 14.4225 13.9776 13.3574 12.5782 11.6369 10.5558 9.33860 8.03770 6.69100 5.34550 4.04660 2.83710 1.76570 0.86010 0.17010 -0.32050 -0.59640 -0.70270 -0.66900 -0.52710 -0.30070 -0.043300 0.18450 0.37970 0.52540 0.60270 0.59380 0.47890 0.28190 -0.14560 -1.09700 -2.11260 -2.90860 -3.25030 -2.47780 -1.58270 -1.51720
-1.90390 -1.17140 -0.38200 0.44710 1.29960 2.15540 3.00750 3.83810 4.65940 5.47400 6.29250 7.13210 7.97600 8.81210 9.64380 10.4823 11.2914 12.0368 12.7253 13.3573 13.9168 14.3873 14.7701 15.0579 15.2603 15.3887 15.4309 15.3822 15.2312 14.9829 14.5840 13.9693 13.1795 12.2252 11.1313 9.91150 8.61020 7.26190 5.91110 4.60120 3.37010 2.25300 1.30070 0.58330 0.079000 -0.18610 -0.28480 -0.27770 -0.17560 0.0097000 0.21940 0.38750 0.52350 0.62130 0.66190 0.62680 0.50780 0.30070 -0.025000 -0.60550 -1.12870 -1.28610 -1.20340 -0.76840 -0.38720 -0.53520
-2.84460 -2.14270 -1.36210 -0.52400 0.35240 1.23860 2.14030 3.05670 3.97840 4.88900 5.80840 6.76190 7.71720 8.64580 9.56090 10.4800 11.3613 12.1655 12.9031 13.5763 14.1708 14.6733 15.0835 15.3926 15.6130 15.7559 15.8163 15.7986 15.6857 15.4846 15.1275 14.5339 13.7487 12.7739 11.6577 10.4397 9.14720 7.80710 6.46030 5.14450 3.89650 2.74150 1.75140 1.01340 0.50680 0.27610 0.21270 0.22190 0.30680 0.45710 0.61900 0.72950 0.80580 0.84830 0.84390 0.77650 0.65410 0.44520 0.25240 0.14400 0.19240 0.63130 1.04430 1.01400 0.77690 0.42540
-3.75160 -3.08590 -2.32830 -1.48940 -0.59360 0.32680 1.28570 2.29860 3.32810 4.33030 5.33980 6.39040 7.44090 8.45600 9.45150 10.4438 11.3948 12.2707 13.0749 13.8034 14.4448 14.9898 15.4288 15.7394 15.9501 16.0818 16.1345 16.1227 16.0234 15.8342 15.5081 15.0084 14.3017 13.2961 12.1303 10.9160 9.64170 8.32000 6.99010 5.67960 4.43560 3.29620 2.31570 1.55550 1.03280 0.83490 0.81300 0.84840 0.93820 1.04860 1.15360 1.21230 1.23610 1.21980 1.17300 1.10050 1.01150 0.88990 0.81660 0.86610 1.04170 1.47680 1.85460 1.84700 1.62030 1.20830
-4.65630 -4.02490 -3.28790 -2.44070 -1.51730 -0.55780 0.45950 1.56200 2.69130 3.78360 4.88210 6.02290 7.16290 8.26720 9.34740 10.4140 11.4350 12.3837 13.2546 14.0364 14.7204 15.2997 15.7582 16.0641 16.2568 16.3620 16.3891 16.3665 16.2628 16.0617 15.7455 15.3272 14.6983 13.6838 12.4966 11.3045 10.0672 8.78890 7.50350 6.22770 5.01770 3.92330 2.97970 2.22100 1.69950 1.53860 1.55920 1.62820 1.72990 1.80260 1.85070 1.85670 1.82440 1.74030 1.63960 1.55010 1.48050 1.44100 1.45430 1.55420 1.71810 1.97640 2.20450 2.30670 2.22700 1.81830
-5.59010 -4.98950 -4.26020 -3.37800 -2.40090 -1.38840 -0.31220 0.85480 2.05800 3.24160 4.43640 5.66560 6.89570 8.10140 9.28090 10.4344 11.5309 12.5408 13.4594 14.2747 14.9784 15.5599 16.0138 16.3238 16.5116 16.5817 16.5690 16.5266 16.4043 16.1700 15.8229 15.3829 14.7567 13.7986 12.6853 11.5505 10.3776 9.18930 8.00060 6.81710 5.69010 4.65690 3.76490 3.05770 2.58310 2.46520 2.51890 2.60880 2.71130 2.75130 2.74820 2.69550 2.59560 2.43200 2.25390 2.09980 1.98540 1.94000 1.96150 2.07410 2.22850 2.40210 2.53850 2.59670 2.50720 2.13780
-6.48110 -5.90340 -5.17410 -4.25500 -3.22360 -2.15450 -1.01890 0.20000 1.46320 2.73390 4.02260 5.33350 6.64760 7.95330 9.23190 10.4701 11.6404 12.7134 13.6816 14.5302 15.2508 15.8282 16.2687 16.5724 16.7427 16.7630 16.6920 16.6029 16.4347 16.1472 15.7502 15.2577 14.6171 13.7450 12.7489 11.7036 10.6247 9.55260 8.48760 7.43030 6.42110 5.47900 4.66830 4.05110 3.65180 3.57070 3.64210 3.74520 3.84560 3.86100 3.81350 3.69490 3.51360 3.25490 2.97980 2.73750 2.54850 2.45520 2.44070 2.52290 2.64050 2.74860 2.81630 2.81200 2.69340 2.37720
-7.26440 -6.69330 -5.95980 -5.02770 -3.96920 -2.84840 -1.65310 -0.38570 0.93310 2.28590 3.66150 5.04450 6.43040 7.82090 9.18190 10.4834 11.7149 12.8660 13.9073 14.8078 15.5620 16.1529 16.5845 16.8519 16.9659 16.9150 16.7611 16.5773 16.3178 15.9577 15.5073 14.9757 14.3416 13.5692 12.7112 11.8014 10.8610 9.91900 8.98670 8.07600 7.21430 6.40990 5.73060 5.25320 4.95780 4.88310 4.92940 5.03010 5.12470 5.12910 5.04730 4.84450 4.55390 4.17080 3.77460 3.44090 3.17700 3.02370 2.95540 2.97580 3.03770 3.10940 3.14800 3.10360 2.96590 2.69370
